Attacks        resnet18       resnet50       resnet101      resnet152      densenet121    densenet161    densenet201    efficientnet_b0efficientnet_b1efficientnet_b2efficientnet_b3efficientnet_b4efficientnet_b5efficientnet_b6efficientnet_b7mobilenet_v2   mobilenet_v3_smallmobilenet_v3_largevgg11          vgg13          vgg16          vgg19          
APGD           0.75           0.35           0.27           0.25           0.6            0.53           0.47           0.4            0.29           0.4            0.23           0.16           0.44           0.35           0.42           0.42           0.33           0.36           0.77           0.7            0.71           0.72           
APGDT          0.69           0.3            0.24           0.22           0.52           0.42           0.32           0.37           0.28           0.4            0.22           0.18           0.46           0.33           0.38           0.39           0.3            0.33           0.75           0.68           0.69           0.65           
BIM            0.76           0.41           0.32           0.27           0.58           0.61           0.49           0.43           0.34           0.43           0.27           0.26           0.46           0.34           0.43           0.46           0.3            0.36           0.76           0.68           0.73           0.72           
CW             0.48           0.14           0.12           0.07           0.27           0.2            0.19           0.25           0.14           0.25           0.15           0.12           0.38           0.28           0.34           0.19           0.2            0.18           0.66           0.57           0.54           0.48           
DIFGSM         0.86           0.43           0.39           0.36           0.81           0.69           0.67           0.56           0.46           0.53           0.35           0.34           0.56           0.48           0.55           0.55           0.41           0.5            0.8            0.74           0.8            0.79           
EADEN          0.49           0.11           0.11           0.07           0.23           0.18           0.18           0.23           0.14           0.22           0.12           0.12           0.39           0.29           0.33           0.18           0.18           0.17           0.66           0.57           0.55           0.47           
EADL1          0.49           0.11           0.11           0.07           0.21           0.19           0.18           0.23           0.13           0.23           0.12           0.12           0.38           0.29           0.33           0.18           0.18           0.16           0.66           0.57           0.56           0.47           
EOTPGD         0.73           0.35           0.26           0.27           0.6            0.54           0.42           0.4            0.34           0.39           0.24           0.21           0.45           0.37           0.4            0.42           0.28           0.35           0.76           0.66           0.71           0.69           
FFGSM          0.72           0.31           0.31           0.28           0.58           0.47           0.47           0.45           0.36           0.51           0.29           0.25           0.5            0.41           0.46           0.49           0.36           0.35           0.81           0.71           0.69           0.7            
FGSM           0.77           0.37           0.31           0.3            0.58           0.49           0.51           0.47           0.32           0.48           0.33           0.26           0.49           0.39           0.46           0.5            0.38           0.42           0.81           0.74           0.75           0.73           
GN             0.93           0.58           0.3            0.34           0.83           0.69           0.65           0.63           0.54           0.58           0.37           0.33           0.79           0.61           0.7            0.92           0.86           0.74           0.96           0.93           0.92           0.9            
Jitter         0.63           0.28           0.22           0.19           0.42           0.42           0.33           0.32           0.26           0.34           0.19           0.16           0.4            0.35           0.33           0.37           0.23           0.31           0.68           0.61           0.6            0.55           
MIFGSM         0.82           0.49           0.43           0.35           0.72           0.68           0.6            0.48           0.42           0.52           0.35           0.35           0.52           0.45           0.48           0.59           0.39           0.47           0.83           0.74           0.76           0.8            
NIFGSM         0.8            0.42           0.36           0.32           0.66           0.56           0.53           0.51           0.43           0.48           0.36           0.31           0.49           0.42           0.48           0.54           0.37           0.48           0.82           0.72           0.76           0.78           
PGD            0.71           0.34           0.28           0.29           0.56           0.55           0.44           0.39           0.32           0.44           0.24           0.24           0.47           0.36           0.4            0.39           0.31           0.34           0.74           0.7            0.73           0.68           
PGDL2          0.52           0.16           0.13           0.12           0.32           0.27           0.26           0.24           0.16           0.28           0.15           0.13           0.39           0.3            0.35           0.23           0.2            0.22           0.66           0.59           0.58           0.52           
PGDRS          0.91           0.32           0.19           0.19           0.81           0.61           0.59           0.68           0.42           0.54           0.21           0.21           0.7            0.58           0.63           0.72           0.62           0.53           0.95           0.93           0.84           0.87           
PGDRSL2        0.79           0.25           0.12           0.08           0.71           0.5            0.54           0.46           0.21           0.62           0.08           0.21           0.67           0.67           0.71           0.58           0.58           0.38           1.0            0.88           0.88           0.83           
RFGSM          0.76           0.4            0.3            0.27           0.57           0.6            0.45           0.38           0.37           0.4            0.24           0.27           0.47           0.36           0.4            0.45           0.28           0.3            0.76           0.69           0.72           0.72           
SINIFGSM       0.87           0.42           0.34           0.3            0.72           0.61           0.62           0.54           0.36           0.51           0.3            0.26           0.55           0.46           0.51           0.56           0.41           0.42           0.87           0.78           0.84           0.84           
TIFGSM         0.81           0.33           0.3            0.3            0.74           0.64           0.58           0.54           0.36           0.5            0.25           0.25           0.59           0.49           0.57           0.39           0.45           0.36           0.75           0.73           0.7            0.66           
TPGD           0.76           0.37           0.27           0.25           0.71           0.61           0.53           0.48           0.35           0.43           0.27           0.21           0.43           0.43           0.41           0.55           0.34           0.4            0.8            0.74           0.75           0.72           
UPGD           0.82           0.5            0.42           0.36           0.72           0.66           0.61           0.5            0.43           0.51           0.35           0.32           0.52           0.44           0.49           0.56           0.39           0.45           0.84           0.73           0.77           0.77           
VMIFGSM        0.85           0.56           0.45           0.42           0.83           0.77           0.69           0.59           0.52           0.57           0.39           0.41           0.58           0.53           0.56           0.65           0.42           0.56           0.85           0.74           0.83           0.8            
VNIFGSM        0.9            0.71           0.56           0.5            0.9            0.79           0.82           0.76           0.61           0.74           0.39           0.4            0.73           0.59           0.68           0.79           0.58           0.61           0.94           0.88           0.88           0.88           
Pixle          0.77           0.22           0.14           0.1            0.35           0.38           0.24           0.38           0.13           0.37           0.15           0.13           0.51           0.42           0.4            0.39           0.3            0.24           0.85           0.84           0.87           0.79           
Square         0.58           0.17           0.15           0.14           0.34           0.28           0.25           0.37           0.18           0.36           0.15           0.12           0.45           0.37           0.44           0.31           0.36           0.25           0.71           0.65           0.67           0.63           
