Attacks        resnet18       resnet50       resnet101      resnet152      densenet121    densenet161    densenet169    densenet201    efficientnet_b0efficientnet_b1efficientnet_b2efficientnet_b3efficientnet_b4efficientnet_b5efficientnet_b7mobilenet_v2   mobilenet_v3_smallmobilenet_v3_largevgg11          vgg13          vgg16          vgg19          
APGD           0.75           0.28           0.25           0.24           0.53           0.38           0.44           0.39           0.57           0.37           0.49           0.27           0.35           0.66           0.71           0.49           0.37           0.34           0.76           0.67           0.7            0.75           
APGDT          0.67           0.29           0.28           0.25           0.44           0.39           0.45           0.38           0.51           0.4            0.53           0.3            0.35           0.65           0.61           0.4            0.33           0.34           0.72           0.7            0.71           0.7            
BIM            0.74           0.29           0.26           0.26           0.51           0.44           0.45           0.43           0.54           0.37           0.57           0.29           0.36           0.67           0.69           0.47           0.43           0.37           0.78           0.67           0.76           0.74           
CW             0.46           0.13           0.11           0.11           0.24           0.16           0.19           0.16           0.26           0.16           0.18           0.07           0.09           0.36           0.3            0.22           0.17           0.19           0.65           0.56           0.55           0.51           
DIFGSM         0.81           0.29           0.27           0.29           0.62           0.5            0.54           0.5            0.67           0.43           0.7            0.47           0.44           0.81           0.86           0.52           0.46           0.46           0.8            0.75           0.79           0.77           
EADEN          0.47           0.13           0.13           0.12           0.22           0.16           0.18           0.17           0.25           0.16           0.18           0.08           0.09           0.32           0.26           0.21           0.17           0.18           0.63           0.54           0.53           0.5            
EADL1          0.47           0.13           0.13           0.12           0.23           0.17           0.17           0.16           0.25           0.16           0.18           0.08           0.09           0.32           0.24           0.21           0.17           0.18           0.63           0.54           0.53           0.5            
EOTPGD         0.7            0.26           0.25           0.23           0.48           0.36           0.46           0.41           0.47           0.35           0.53           0.3            0.31           0.63           0.67           0.47           0.37           0.33           0.76           0.67           0.69           0.73           
FFGSM          0.76           0.49           0.42           0.44           0.67           0.54           0.62           0.57           0.73           0.52           0.67           0.49           0.48           0.74           0.75           0.53           0.46           0.49           0.82           0.76           0.73           0.78           
FGSM           0.81           0.5            0.45           0.39           0.73           0.59           0.63           0.61           0.77           0.59           0.72           0.56           0.52           0.78           0.79           0.59           0.52           0.57           0.88           0.8            0.82           0.81           
GN             0.85           0.46           0.27           0.23           0.69           0.55           0.57           0.54           0.62           0.49           0.47           0.27           0.21           0.82           0.74           0.87           0.77           0.57           0.98           0.96           0.86           0.85           
Jitter         0.6            0.25           0.2            0.2            0.43           0.35           0.35           0.33           0.42           0.34           0.45           0.26           0.23           0.6            0.59           0.34           0.35           0.31           0.69           0.62           0.61           0.67           
MIFGSM         0.79           0.39           0.35           0.36           0.63           0.49           0.56           0.51           0.69           0.56           0.72           0.51           0.49           0.8            0.85           0.55           0.51           0.52           0.81           0.75           0.79           0.73           
NIFGSM         0.81           0.35           0.36           0.35           0.6            0.51           0.53           0.46           0.65           0.51           0.61           0.5            0.44           0.7            0.69           0.61           0.45           0.51           0.76           0.71           0.8            0.76           
PGD            0.73           0.25           0.22           0.26           0.47           0.36           0.41           0.39           0.48           0.33           0.55           0.38           0.29           0.64           0.62           0.45           0.36           0.35           0.76           0.67           0.67           0.71           
PGDL2          0.63           0.19           0.15           0.14           0.34           0.23           0.3            0.29           0.41           0.22           0.33           0.13           0.11           0.55           0.55           0.31           0.29           0.26           0.72           0.65           0.66           0.63           
PGDRS          0.83           0.26           0.23           0.17           0.54           0.36           0.44           0.41           0.51           0.22           0.46           0.16           0.17           0.74           0.71           0.57           0.53           0.4            0.88           0.84           0.77           0.81           
PGDRSL2        0.84           0.29           0.27           0.16           0.55           0.43           0.45           0.43           0.64           0.3            0.54           0.25           0.23           0.61           0.62           0.55           0.66           0.48           0.89           0.88           0.8            0.8            
RFGSM          0.73           0.24           0.25           0.24           0.52           0.39           0.48           0.43           0.52           0.4            0.59           0.28           0.36           0.68           0.71           0.47           0.4            0.4            0.77           0.71           0.73           0.71           
SINIFGSM       0.82           0.34           0.3            0.29           0.6            0.47           0.49           0.45           0.65           0.35           0.57           0.31           0.33           0.74           0.73           0.51           0.45           0.42           0.84           0.75           0.76           0.78           
TIFGSM         0.76           0.25           0.2            0.22           0.53           0.49           0.48           0.48           0.57           0.27           0.5            0.19           0.25           0.72           0.82           0.42           0.45           0.34           0.77           0.74           0.73           0.68           
TPGD           0.68           0.21           0.24           0.18           0.5            0.38           0.42           0.44           0.52           0.33           0.55           0.35           0.31           0.61           0.69           0.5            0.39           0.34           0.77           0.73           0.76           0.76           
UPGD           0.79           0.39           0.35           0.36           0.63           0.49           0.56           0.51           0.69           0.56           0.72           0.51           0.49           0.8            0.85           0.55           0.51           0.52           0.81           0.75           0.79           0.73           
VMIFGSM        0.77           0.43           0.41           0.41           0.7            0.61           0.64           0.67           0.77           0.57           0.77           0.6            0.54           0.85           0.84           0.65           0.52           0.57           0.81           0.78           0.83           0.79           
VNIFGSM        0.87           0.45           0.4            0.38           0.76           0.69           0.72           0.67           0.8            0.63           0.89           0.66           0.66           0.95           0.95           0.73           0.61           0.66           0.91           0.87           0.87           0.83           
Pixle          0.81           0.25           0.19           0.14           0.45           0.32           0.31           0.34           0.41           0.19           0.42           0.09           0.13           0.68           0.53           0.44           0.29           0.23           0.87           0.85           0.8            0.77           
Square         0.54           0.16           0.17           0.16           0.3            0.23           0.27           0.24           0.34           0.18           0.29           0.12           0.11           0.39           0.34           0.38           0.33           0.21           0.67           0.63           0.59           0.6            
