Attacks        resnet18       resnet50       resnet101      resnet152      densenet121    densenet161    densenet169    densenet201    efficientnet_b0efficientnet_b2efficientnet_b3efficientnet_b4efficientnet_b5efficientnet_b6efficientnet_b7mobilenet_v2   mobilenet_v3_smallmobilenet_v3_largevgg11          vgg13          vgg16          vgg19          
APGD           0.68           0.25           0.21           0.21           0.4            0.32           0.32           0.36           0.41           0.42           0.3            0.22           0.46           0.33           0.39           0.54           0.34           0.45           0.74           0.67           0.67           0.64           
APGDT          0.68           0.26           0.25           0.25           0.41           0.41           0.33           0.35           0.45           0.38           0.31           0.26           0.46           0.35           0.38           0.57           0.36           0.47           0.74           0.67           0.65           0.65           
BIM            0.66           0.29           0.25           0.25           0.41           0.34           0.34           0.36           0.49           0.43           0.33           0.26           0.48           0.36           0.42           0.56           0.32           0.5            0.72           0.65           0.66           0.6            
CW             0.51           0.12           0.13           0.08           0.27           0.21           0.23           0.21           0.26           0.22           0.13           0.11           0.39           0.29           0.31           0.24           0.19           0.2            0.65           0.58           0.54           0.52           
DIFGSM         0.75           0.38           0.32           0.32           0.49           0.46           0.48           0.5            0.6            0.6            0.51           0.44           0.56           0.45           0.5            0.76           0.45           0.72           0.8            0.73           0.75           0.71           
EADEN          0.51           0.12           0.1            0.06           0.27           0.2            0.23           0.21           0.25           0.21           0.1            0.08           0.4            0.29           0.31           0.21           0.18           0.17           0.65           0.57           0.53           0.49           
EADL1          0.51           0.12           0.1            0.06           0.26           0.21           0.22           0.21           0.25           0.21           0.1            0.07           0.4            0.29           0.29           0.21           0.18           0.18           0.64           0.57           0.53           0.48           
EOTPGD         0.63           0.28           0.23           0.17           0.41           0.33           0.35           0.35           0.45           0.42           0.31           0.23           0.43           0.34           0.4            0.54           0.27           0.48           0.71           0.61           0.63           0.6            
FFGSM          0.73           0.38           0.29           0.32           0.59           0.46           0.46           0.5            0.54           0.58           0.44           0.35           0.61           0.51           0.54           0.65           0.49           0.6            0.79           0.71           0.7            0.67           
FGSM           0.75           0.42           0.31           0.34           0.6            0.51           0.54           0.51           0.57           0.61           0.44           0.42           0.6            0.52           0.57           0.66           0.55           0.59           0.84           0.77           0.76           0.73           
GN             0.96           0.68           0.46           0.44           0.9            0.71           0.76           0.69           0.78           0.71           0.53           0.41           0.85           0.81           0.84           0.97           0.92           0.86           0.98           0.97           0.94           0.94           
Jitter         0.59           0.24           0.14           0.2            0.39           0.29           0.31           0.26           0.38           0.34           0.29           0.18           0.41           0.27           0.29           0.48           0.26           0.44           0.66           0.62           0.56           0.51           
MIFGSM         0.76           0.45           0.35           0.31           0.5            0.45           0.44           0.46           0.56           0.62           0.47           0.43           0.52           0.41           0.51           0.72           0.42           0.59           0.79           0.74           0.74           0.7            
NIFGSM         0.74           0.34           0.31           0.29           0.49           0.39           0.41           0.45           0.52           0.54           0.44           0.37           0.49           0.4            0.44           0.61           0.43           0.55           0.79           0.66           0.75           0.73           
PGD            0.61           0.26           0.22           0.2            0.41           0.32           0.33           0.32           0.43           0.41           0.3            0.24           0.45           0.34           0.39           0.54           0.3            0.45           0.7            0.64           0.64           0.57           
PGDL2          0.55           0.14           0.15           0.12           0.32           0.22           0.27           0.23           0.32           0.25           0.15           0.12           0.43           0.35           0.36           0.3            0.22           0.3            0.68           0.63           0.59           0.57           
PGDRS          0.92           0.46           0.31           0.22           0.82           0.59           0.72           0.63           0.81           0.65           0.28           0.36           0.8            0.63           0.77           0.78           0.74           0.72           0.97           0.94           0.91           0.9            
PGDRSL2        0.95           0.75           0.75           0.75           0.95           0.95           0.95           1.0            0.95           0.9            0.6            0.75           1.0            0.95           1.0            1.0            1.0            0.95           1.0            1.0            1.0            1.0            
RFGSM          0.66           0.29           0.21           0.23           0.39           0.33           0.31           0.34           0.45           0.41           0.36           0.28           0.46           0.37           0.41           0.53           0.34           0.5            0.74           0.63           0.64           0.64           
SINIFGSM       0.82           0.45           0.4            0.33           0.58           0.52           0.57           0.5            0.66           0.64           0.5            0.45           0.59           0.51           0.57           0.76           0.53           0.64           0.82           0.78           0.82           0.77           
TIFGSM         0.75           0.39           0.34           0.29           0.59           0.55           0.52           0.55           0.58           0.63           0.45           0.36           0.59           0.57           0.59           0.57           0.48           0.71           0.74           0.75           0.71           0.73           
TPGD           0.6            0.22           0.18           0.17           0.43           0.32           0.32           0.26           0.38           0.36           0.27           0.16           0.41           0.33           0.39           0.49           0.27           0.41           0.73           0.64           0.64           0.63           
UPGD           0.76           0.45           0.35           0.31           0.5            0.45           0.44           0.46           0.56           0.62           0.47           0.43           0.52           0.41           0.51           0.72           0.42           0.59           0.79           0.74           0.74           0.7            
VMIFGSM        0.8            0.48           0.39           0.42           0.61           0.52           0.57           0.51           0.67           0.67           0.54           0.48           0.59           0.52           0.58           0.81           0.51           0.68           0.81           0.76           0.8            0.77           
VNIFGSM        0.75           0.51           0.47           0.34           0.58           0.47           0.55           0.48           0.74           0.68           0.59           0.47           0.55           0.48           0.53           0.77           0.57           0.77           0.78           0.81           0.82           0.81           
Pixle          0.89           0.41           0.23           0.17           0.64           0.56           0.52           0.53           0.63           0.65           0.19           0.16           0.69           0.62           0.62           0.62           0.48           0.49           0.95           0.89           0.89           0.83           
Square         0.63           0.17           0.17           0.13           0.34           0.3            0.31           0.3            0.36           0.39           0.14           0.12           0.41           0.33           0.43           0.38           0.35           0.25           0.73           0.67           0.61           0.62           
