Attacks        resnet18       resnet50       resnet101      resnet152      densenet121    densenet161    densenet169    densenet201    efficientnet_b0efficientnet_b1efficientnet_b2efficientnet_b4efficientnet_b5efficientnet_b6efficientnet_b7mobilenet_v2   mobilenet_v3_smallmobilenet_v3_largevgg11          vgg13          vgg16          vgg19          
APGD           0.69           0.3            0.23           0.23           0.45           0.39           0.33           0.38           0.49           0.45           0.45           0.38           0.48           0.38           0.45           0.47           0.34           0.45           0.72           0.68           0.65           0.65           
APGDT          0.62           0.31           0.28           0.25           0.42           0.37           0.36           0.34           0.44           0.45           0.39           0.41           0.46           0.44           0.42           0.47           0.41           0.4            0.7            0.71           0.63           0.61           
BIM            0.65           0.3            0.28           0.29           0.51           0.45           0.38           0.44           0.47           0.51           0.5            0.4            0.46           0.43           0.47           0.56           0.39           0.45           0.7            0.7            0.67           0.65           
CW             0.57           0.17           0.15           0.13           0.3            0.23           0.25           0.24           0.29           0.23           0.26           0.15           0.37           0.28           0.35           0.26           0.26           0.23           0.65           0.61           0.57           0.52           
DIFGSM         0.73           0.41           0.36           0.36           0.55           0.51           0.52           0.49           0.62           0.67           0.62           0.62           0.61           0.54           0.62           0.65           0.47           0.6            0.77           0.72           0.68           0.73           
EADEN          0.58           0.17           0.13           0.1            0.29           0.23           0.25           0.24           0.26           0.18           0.23           0.1            0.37           0.29           0.37           0.25           0.25           0.23           0.64           0.6            0.57           0.51           
EADL1          0.58           0.17           0.13           0.11           0.27           0.23           0.24           0.22           0.26           0.17           0.22           0.1            0.37           0.29           0.36           0.25           0.24           0.23           0.64           0.6            0.57           0.53           
EOTPGD         0.65           0.29           0.26           0.27           0.45           0.35           0.34           0.33           0.48           0.49           0.48           0.41           0.51           0.38           0.46           0.46           0.38           0.4            0.71           0.66           0.63           0.66           
FFGSM          0.72           0.38           0.41           0.4            0.56           0.52           0.53           0.51           0.63           0.59           0.57           0.51           0.65           0.62           0.61           0.58           0.54           0.53           0.8            0.72           0.72           0.7            
FGSM           0.81           0.42           0.44           0.48           0.58           0.63           0.55           0.54           0.68           0.67           0.63           0.59           0.7            0.63           0.69           0.65           0.6            0.61           0.86           0.82           0.79           0.77           
GN             0.94           0.76           0.66           0.6            0.86           0.77           0.86           0.74           0.81           0.76           0.79           0.66           0.9            0.82           0.87           0.95           0.95           0.81           0.98           0.94           0.94           0.95           
Jitter         0.59           0.25           0.21           0.21           0.37           0.33           0.29           0.32           0.38           0.33           0.35           0.26           0.47           0.35           0.4            0.41           0.32           0.34           0.72           0.63           0.62           0.63           
MIFGSM         0.75           0.44           0.36           0.4            0.58           0.55           0.5            0.5            0.61           0.61           0.65           0.58           0.58           0.5            0.57           0.67           0.52           0.56           0.79           0.71           0.77           0.72           
NIFGSM         0.71           0.35           0.37           0.34           0.53           0.5            0.48           0.44           0.56           0.56           0.52           0.5            0.52           0.48           0.56           0.59           0.44           0.5            0.79           0.72           0.69           0.74           
PGD            0.66           0.31           0.26           0.26           0.42           0.39           0.35           0.39           0.48           0.49           0.43           0.36           0.45           0.37           0.43           0.44           0.37           0.41           0.69           0.68           0.63           0.65           
PGDL2          0.57           0.22           0.19           0.15           0.37           0.28           0.3            0.3            0.38           0.31           0.33           0.24           0.43           0.39           0.41           0.35           0.3            0.31           0.71           0.7            0.63           0.55           
PGDRS          0.9            0.47           0.38           0.31           0.84           0.64           0.72           0.71           0.77           0.57           0.71           0.43           0.83           0.76           0.77           0.79           0.78           0.75           0.9            0.9            0.89           0.87           
PGDRSL2        1.0            1.0            1.0            1.0            1.0            1.0            1.0            1.0            1.0            1.0            1.0            1.0            1.0            1.0            1.0            1.0            1.0            1.0            1.0            1.0            1.0            1.0            
RFGSM          0.68           0.34           0.29           0.27           0.47           0.45           0.38           0.42           0.5            0.51           0.48           0.42           0.48           0.42           0.5            0.5            0.4            0.46           0.71           0.69           0.64           0.65           
SINIFGSM       0.86           0.49           0.44           0.39           0.63           0.59           0.64           0.57           0.7            0.64           0.69           0.5            0.69           0.66           0.69           0.69           0.59           0.62           0.83           0.77           0.83           0.79           
TIFGSM         0.75           0.35           0.32           0.36           0.59           0.57           0.48           0.52           0.54           0.48           0.59           0.54           0.62           0.61           0.64           0.5            0.46           0.49           0.76           0.71           0.66           0.62           
TPGD           0.64           0.3            0.22           0.25           0.45           0.39           0.41           0.37           0.45           0.51           0.48           0.37           0.5            0.4            0.49           0.54           0.38           0.46           0.75           0.73           0.65           0.66           
UPGD           0.75           0.44           0.36           0.4            0.58           0.55           0.5            0.5            0.61           0.61           0.65           0.58           0.58           0.5            0.57           0.67           0.52           0.56           0.79           0.71           0.77           0.72           
VMIFGSM        0.8            0.49           0.4            0.46           0.66           0.57           0.6            0.55           0.73           0.67           0.72           0.66           0.65           0.59           0.64           0.69           0.55           0.6            0.82           0.72           0.79           0.76           
VNIFGSM        0.75           0.55           0.42           0.43           0.68           0.53           0.63           0.53           0.73           0.72           0.76           0.58           0.66           0.59           0.65           0.68           0.56           0.73           0.86           0.8            0.84           0.86           
Pixle          0.87           0.47           0.34           0.26           0.71           0.63           0.63           0.55           0.67           0.46           0.69           0.27           0.73           0.7            0.71           0.7            0.69           0.57           0.92           0.93           0.88           0.88           
Square         0.65           0.23           0.18           0.17           0.34           0.32           0.35           0.33           0.44           0.26           0.34           0.13           0.41           0.38           0.38           0.4            0.39           0.29           0.72           0.71           0.63           0.61           
