Attacks        resnet18       resnet50       resnet101      resnet152      densenet121    densenet161    densenet169    densenet201    efficientnet_b0efficientnet_b1efficientnet_b2efficientnet_b3efficientnet_b4efficientnet_b5efficientnet_b6efficientnet_b7mobilenet_v2   mobilenet_v3_largevgg11          vgg13          vgg16          vgg19          
APGD           0.6            0.18           0.15           0.12           0.31           0.26           0.27           0.21           0.44           0.25           0.32           0.17           0.13           0.38           0.3            0.36           0.41           0.36           0.7            0.68           0.66           0.62           
APGDT          0.56           0.17           0.15           0.14           0.31           0.24           0.28           0.19           0.34           0.28           0.32           0.19           0.15           0.36           0.3            0.33           0.37           0.35           0.72           0.61           0.58           0.55           
BIM            0.57           0.2            0.15           0.14           0.37           0.28           0.29           0.22           0.42           0.31           0.39           0.19           0.16           0.43           0.33           0.39           0.49           0.37           0.69           0.64           0.57           0.63           
CW             0.47           0.12           0.11           0.09           0.22           0.18           0.21           0.17           0.25           0.15           0.2            0.09           0.08           0.34           0.26           0.29           0.23           0.19           0.63           0.52           0.51           0.48           
DIFGSM         0.68           0.22           0.19           0.17           0.42           0.32           0.39           0.35           0.57           0.4            0.5            0.31           0.25           0.51           0.4            0.46           0.63           0.53           0.76           0.7            0.68           0.7            
EADEN          0.47           0.12           0.11           0.09           0.22           0.17           0.19           0.17           0.24           0.11           0.18           0.08           0.09           0.33           0.27           0.27           0.2            0.12           0.63           0.51           0.51           0.48           
EADL1          0.47           0.12           0.11           0.09           0.22           0.17           0.19           0.17           0.24           0.11           0.18           0.08           0.08           0.33           0.27           0.28           0.19           0.12           0.63           0.5            0.52           0.48           
EOTPGD         0.59           0.19           0.15           0.13           0.37           0.27           0.26           0.22           0.39           0.27           0.38           0.15           0.15           0.43           0.32           0.34           0.47           0.38           0.67           0.62           0.62           0.57           
FFGSM          0.66           0.21           0.21           0.17           0.38           0.29           0.3            0.29           0.49           0.32           0.44           0.23           0.24           0.44           0.37           0.43           0.5            0.4            0.75           0.69           0.69           0.7            
FGSM           0.67           0.27           0.21           0.18           0.42           0.34           0.33           0.28           0.52           0.35           0.49           0.27           0.25           0.45           0.37           0.43           0.53           0.43           0.81           0.74           0.74           0.72           
GN             0.9            0.39           0.26           0.23           0.59           0.44           0.47           0.4            0.56           0.43           0.5            0.24           0.24           0.66           0.48           0.54           0.86           0.55           0.96           0.94           0.85           0.88           
Jitter         0.53           0.16           0.12           0.13           0.28           0.22           0.22           0.21           0.29           0.2            0.29           0.14           0.14           0.39           0.29           0.31           0.3            0.32           0.67           0.57           0.5            0.5            
MIFGSM         0.62           0.22           0.16           0.17           0.46           0.35           0.36           0.32           0.52           0.36           0.46           0.29           0.25           0.47           0.34           0.47           0.58           0.44           0.75           0.73           0.7            0.69           
NIFGSM         0.63           0.23           0.19           0.18           0.42           0.34           0.3            0.3            0.52           0.33           0.45           0.26           0.21           0.48           0.36           0.44           0.56           0.42           0.74           0.77           0.73           0.69           
PGD            0.59           0.17           0.15           0.14           0.36           0.27           0.27           0.23           0.41           0.27           0.36           0.17           0.15           0.41           0.32           0.35           0.42           0.35           0.67           0.65           0.61           0.56           
PGDL2          0.48           0.12           0.12           0.1            0.22           0.19           0.21           0.18           0.27           0.14           0.22           0.08           0.1            0.34           0.27           0.29           0.25           0.22           0.64           0.51           0.53           0.52           
PGDRS          0.73           0.2            0.16           0.12           0.45           0.31           0.38           0.33           0.47           0.24           0.45           0.2            0.16           0.56           0.41           0.51           0.52           0.38           0.84           0.8            0.73           0.74           
PGDRSL2        0.83           0.23           0.17           0.21           0.55           0.36           0.49           0.53           0.66           0.3            0.3            0.23           0.19           0.6            0.57           0.62           0.49           0.47           0.91           0.81           0.83           0.68           
RFGSM          0.57           0.19           0.15           0.15           0.38           0.26           0.29           0.21           0.45           0.27           0.36           0.18           0.18           0.44           0.33           0.38           0.43           0.39           0.7            0.63           0.6            0.58           
SINIFGSM       0.69           0.22           0.17           0.17           0.46           0.37           0.35           0.28           0.51           0.32           0.46           0.26           0.19           0.48           0.36           0.4            0.55           0.41           0.82           0.74           0.76           0.73           
TIFGSM         0.73           0.21           0.23           0.23           0.52           0.37           0.38           0.43           0.56           0.34           0.47           0.29           0.29           0.53           0.49           0.51           0.52           0.52           0.77           0.69           0.68           0.66           
TPGD           0.57           0.18           0.15           0.14           0.36           0.21           0.22           0.19           0.39           0.22           0.35           0.16           0.12           0.42           0.32           0.37           0.4            0.29           0.7            0.63           0.61           0.6            
UPGD           0.62           0.22           0.16           0.17           0.46           0.35           0.36           0.32           0.52           0.36           0.46           0.29           0.25           0.47           0.34           0.47           0.58           0.44           0.75           0.73           0.7            0.69           
VMIFGSM        0.67           0.26           0.22           0.18           0.48           0.36           0.38           0.36           0.57           0.4            0.51           0.33           0.28           0.51           0.39           0.49           0.61           0.51           0.78           0.73           0.73           0.7            
VNIFGSM        0.77           0.3            0.2            0.17           0.52           0.4            0.43           0.42           0.75           0.39           0.61           0.32           0.29           0.6            0.47           0.54           0.74           0.54           0.87           0.85           0.77           0.78           
Pixle          0.76           0.2            0.14           0.12           0.39           0.34           0.3            0.28           0.44           0.15           0.39           0.12           0.1            0.49           0.38           0.42           0.32           0.19           0.87           0.83           0.79           0.73           
Square         0.57           0.17           0.14           0.15           0.3            0.26           0.28           0.22           0.34           0.17           0.3            0.1            0.09           0.41           0.32           0.38           0.41           0.26           0.7            0.67           0.58           0.6            
