Attacks        resnet18       resnet50       resnet101      resnet152      densenet121    densenet161    densenet169    densenet201    efficientnet_b0efficientnet_b1efficientnet_b2efficientnet_b3efficientnet_b4efficientnet_b5efficientnet_b6efficientnet_b7mobilenet_v2   mobilenet_v3_smallmobilenet_v3_largevgg11          vgg16          vgg19          
APGD           0.49           0.1            0.09           0.05           0.23           0.13           0.16           0.13           0.23           0.21           0.15           0.06           0.05           0.18           0.12           0.15           0.34           0.11           0.18           0.79           0.87           0.81           
APGDT          0.41           0.09           0.07           0.05           0.22           0.09           0.1            0.1            0.22           0.1            0.14           0.04           0.03           0.22           0.1            0.12           0.25           0.11           0.1            0.7            0.7            0.68           
BIM            0.53           0.13           0.09           0.05           0.26           0.16           0.23           0.16           0.28           0.2            0.16           0.06           0.07           0.26           0.15           0.19           0.33           0.11           0.26           0.82           0.89           0.86           
CW             0.29           0.04           0.04           0.03           0.1            0.06           0.05           0.1            0.13           0.1            0.08           0.03           0.02           0.16           0.12           0.15           0.11           0.07           0.08           0.47           0.4            0.36           
DIFGSM         0.72           0.24           0.11           0.09           0.38           0.2            0.28           0.2            0.37           0.27           0.29           0.08           0.1            0.31           0.17           0.26           0.5            0.14           0.28           0.92           0.96           0.94           
EADEN          0.2            0.04           0.03           0.02           0.08           0.06           0.05           0.09           0.13           0.07           0.08           0.03           0.02           0.16           0.12           0.13           0.09           0.07           0.08           0.45           0.29           0.27           
EADL1          0.2            0.03           0.03           0.02           0.09           0.06           0.05           0.09           0.13           0.07           0.08           0.03           0.03           0.16           0.12           0.14           0.09           0.07           0.07           0.44           0.28           0.27           
EOTPGD         0.5            0.12           0.08           0.04           0.25           0.14           0.2            0.15           0.21           0.15           0.15           0.05           0.07           0.22           0.11           0.2            0.34           0.13           0.16           0.78           0.86           0.81           
FFGSM          0.59           0.13           0.08           0.08           0.3            0.16           0.23           0.16           0.33           0.12           0.17           0.09           0.04           0.27           0.15           0.25           0.33           0.15           0.19           0.84           0.84           0.84           
FGSM           0.61           0.12           0.1            0.07           0.33           0.21           0.25           0.19           0.38           0.15           0.26           0.1            0.06           0.29           0.23           0.28           0.39           0.2            0.24           0.86           0.87           0.87           
GN             0.57           0.15           0.08           0.12           0.26           0.15           0.18           0.18           0.19           0.15           0.11           0.07           0.08           0.37           0.18           0.21           0.61           0.39           0.25           0.9            0.76           0.79           
Jitter         0.33           0.07           0.06           0.04           0.21           0.09           0.11           0.12           0.14           0.08           0.1            0.04           0.04           0.23           0.12           0.15           0.18           0.09           0.1            0.58           0.64           0.57           
MIFGSM         0.67           0.15           0.11           0.08           0.34           0.2            0.27           0.18           0.36           0.22           0.24           0.08           0.1            0.28           0.21           0.23           0.5            0.16           0.28           0.87           0.94           0.9            
NIFGSM         0.64           0.14           0.12           0.06           0.32           0.18           0.26           0.17           0.32           0.2            0.26           0.07           0.05           0.29           0.19           0.21           0.51           0.17           0.26           0.86           0.93           0.86           
PGD            0.49           0.13           0.06           0.03           0.27           0.1            0.17           0.12           0.21           0.16           0.14           0.04           0.06           0.22           0.13           0.19           0.35           0.14           0.2            0.75           0.89           0.83           
PGDL2          0.28           0.06           0.04           0.03           0.11           0.05           0.06           0.11           0.14           0.09           0.09           0.03           0.02           0.16           0.13           0.15           0.13           0.06           0.1            0.53           0.45           0.4            
PGDRS          0.59           0.09           0.05           0.01           0.26           0.09           0.14           0.12           0.22           0.08           0.13           0.05           0.07           0.34           0.2            0.23           0.25           0.22           0.11           0.78           0.65           0.61           
PGDRSL2        0.67           0.56           0.5            0.56           0.56           0.5            0.5            0.56           0.5            0.5            0.56           0.5            0.5            0.61           0.61           0.61           0.61           0.67           0.56           0.94           0.78           0.83           
RFGSM          0.5            0.14           0.08           0.05           0.25           0.15           0.2            0.14           0.25           0.19           0.18           0.06           0.08           0.23           0.14           0.19           0.32           0.11           0.2            0.78           0.88           0.84           
SINIFGSM       0.7            0.15           0.08           0.08           0.36           0.23           0.3            0.22           0.36           0.22           0.25           0.06           0.06           0.32           0.2            0.25           0.45           0.21           0.3            0.92           0.93           0.9            
TIFGSM         0.7            0.12           0.09           0.08           0.34           0.23           0.27           0.28           0.37           0.15           0.3            0.06           0.09           0.39           0.28           0.35           0.33           0.22           0.26           0.87           0.91           0.86           
TPGD           0.42           0.14           0.05           0.06           0.24           0.19           0.16           0.15           0.25           0.14           0.16           0.08           0.07           0.27           0.16           0.19           0.32           0.15           0.21           0.8            0.82           0.84           
UPGD           0.67           0.15           0.11           0.08           0.34           0.2            0.27           0.18           0.36           0.22           0.24           0.08           0.1            0.28           0.21           0.23           0.5            0.16           0.28           0.87           0.94           0.9            
VMIFGSM        0.73           0.26           0.16           0.12           0.45           0.26           0.32           0.3            0.45           0.29           0.4            0.1            0.15           0.33           0.25           0.33           0.59           0.2            0.37           0.91           0.96           0.95           
VNIFGSM        0.85           0.3            0.16           0.12           0.59           0.37           0.41           0.41           0.59           0.39           0.47           0.17           0.14           0.41           0.33           0.35           0.65           0.33           0.51           0.96           0.98           0.97           
Pixle          0.34           0.04           0.03           0.03           0.12           0.08           0.06           0.09           0.12           0.08           0.09           0.04           0.03           0.17           0.14           0.13           0.11           0.12           0.09           0.56           0.4            0.25           
Square         0.34           0.05           0.07           0.04           0.21           0.1            0.12           0.12           0.18           0.1            0.18           0.07           0.03           0.23           0.15           0.19           0.24           0.16           0.13           0.59           0.49           0.47           
