Attacks        resnet18       resnet50       resnet101      resnet152      densenet121    densenet161    densenet169    efficientnet_b0efficientnet_b1efficientnet_b2efficientnet_b3efficientnet_b4efficientnet_b5efficientnet_b6efficientnet_b7mobilenet_v2   mobilenet_v3_smallmobilenet_v3_largevgg11          vgg13          vgg16          vgg19          
APGD           0.8            0.31           0.29           0.23           0.66           0.56           0.51           0.44           0.32           0.39           0.23           0.17           0.48           0.32           0.39           0.46           0.33           0.36           0.76           0.71           0.7            0.71           
APGDT          0.71           0.26           0.21           0.22           0.55           0.5            0.46           0.38           0.29           0.36           0.21           0.16           0.42           0.32           0.35           0.38           0.28           0.3            0.76           0.7            0.69           0.59           
BIM            0.75           0.32           0.35           0.29           0.64           0.57           0.57           0.42           0.33           0.42           0.26           0.23           0.46           0.38           0.41           0.47           0.35           0.43           0.77           0.69           0.73           0.68           
CW             0.51           0.1            0.07           0.07           0.27           0.18           0.22           0.23           0.15           0.16           0.07           0.08           0.35           0.27           0.28           0.17           0.15           0.2            0.65           0.59           0.56           0.49           
DIFGSM         0.85           0.49           0.41           0.37           0.78           0.75           0.74           0.53           0.47           0.56           0.33           0.3            0.57           0.49           0.52           0.52           0.39           0.5            0.84           0.77           0.8            0.73           
EADEN          0.5            0.1            0.07           0.07           0.22           0.17           0.19           0.23           0.14           0.14           0.08           0.08           0.34           0.26           0.27           0.16           0.15           0.18           0.65           0.57           0.54           0.49           
EADL1          0.5            0.1            0.07           0.07           0.22           0.18           0.19           0.24           0.14           0.15           0.07           0.08           0.34           0.26           0.27           0.15           0.15           0.18           0.65           0.56           0.52           0.47           
EOTPGD         0.77           0.31           0.29           0.27           0.62           0.5            0.54           0.41           0.35           0.4            0.22           0.15           0.46           0.37           0.41           0.44           0.32           0.42           0.75           0.69           0.69           0.67           
FFGSM          0.75           0.32           0.28           0.31           0.59           0.61           0.54           0.5            0.42           0.44           0.32           0.28           0.5            0.43           0.45           0.47           0.39           0.43           0.76           0.69           0.66           0.68           
FGSM           0.8            0.38           0.34           0.36           0.63           0.56           0.57           0.53           0.45           0.49           0.32           0.31           0.58           0.44           0.49           0.49           0.45           0.45           0.77           0.72           0.71           0.73           
GN             0.96           0.66           0.38           0.32           0.86           0.7            0.83           0.72           0.59           0.68           0.36           0.36           0.86           0.68           0.75           0.9            0.86           0.78           0.98           0.98           0.97           0.95           
Jitter         0.61           0.22           0.22           0.23           0.48           0.43           0.4            0.34           0.27           0.33           0.19           0.16           0.4            0.31           0.34           0.34           0.28           0.3            0.67           0.57           0.64           0.57           
MIFGSM         0.82           0.44           0.43           0.35           0.7            0.64           0.65           0.55           0.46           0.49           0.28           0.33           0.54           0.45           0.54           0.55           0.42           0.49           0.84           0.72           0.79           0.73           
NIFGSM         0.82           0.42           0.33           0.32           0.67           0.62           0.62           0.52           0.46           0.46           0.3            0.33           0.54           0.42           0.49           0.51           0.39           0.43           0.84           0.71           0.73           0.74           
PGD            0.75           0.3            0.3            0.25           0.54           0.55           0.5            0.41           0.34           0.37           0.21           0.17           0.47           0.34           0.38           0.4            0.32           0.36           0.74           0.65           0.75           0.64           
PGDL2          0.56           0.12           0.12           0.11           0.31           0.26           0.29           0.26           0.16           0.25           0.09           0.11           0.38           0.31           0.29           0.24           0.18           0.24           0.65           0.6            0.62           0.53           
PGDRS          0.94           0.26           0.15           0.18           0.83           0.55           0.67           0.65           0.34           0.56           0.23           0.28           0.72           0.6            0.68           0.67           0.66           0.51           0.94           0.94           0.87           0.87           
PGDRSL2        1.0            1.0            1.0            1.0            1.0            1.0            1.0            1.0            1.0            1.0            1.0            1.0            1.0            1.0            1.0            1.0            1.0            1.0            1.0            1.0            1.0            1.0            
RFGSM          0.75           0.31           0.3            0.27           0.62           0.57           0.52           0.42           0.37           0.41           0.24           0.22           0.49           0.37           0.36           0.41           0.36           0.35           0.76           0.7            0.72           0.69           
SINIFGSM       0.85           0.37           0.35           0.31           0.69           0.64           0.65           0.55           0.32           0.44           0.22           0.19           0.57           0.41           0.46           0.54           0.4            0.45           0.88           0.77           0.84           0.82           
TIFGSM         0.79           0.34           0.28           0.3            0.72           0.63           0.62           0.54           0.36           0.48           0.26           0.22           0.59           0.54           0.56           0.41           0.41           0.46           0.72           0.67           0.71           0.64           
TPGD           0.69           0.33           0.22           0.24           0.63           0.56           0.55           0.47           0.35           0.36           0.22           0.17           0.47           0.37           0.37           0.44           0.3            0.35           0.72           0.69           0.65           0.69           
UPGD           0.83           0.44           0.42           0.34           0.73           0.64           0.63           0.54           0.46           0.5            0.31           0.35           0.55           0.45           0.51           0.55           0.4            0.47           0.82           0.72           0.81           0.76           
VMIFGSM        0.83           0.49           0.47           0.43           0.82           0.71           0.72           0.62           0.49           0.61           0.4            0.38           0.58           0.46           0.59           0.61           0.41           0.57           0.83           0.76           0.82           0.81           
VNIFGSM        0.85           0.72           0.63           0.54           0.88           0.85           0.84           0.71           0.65           0.69           0.46           0.44           0.67           0.62           0.68           0.75           0.65           0.7            0.93           0.85           0.89           0.87           
Pixle          0.83           0.19           0.13           0.13           0.46           0.37           0.37           0.38           0.18           0.4            0.12           0.15           0.52           0.41           0.48           0.39           0.33           0.26           0.89           0.85           0.84           0.68           
Square         0.55           0.13           0.09           0.11           0.33           0.24           0.23           0.32           0.16           0.25           0.08           0.08           0.39           0.32           0.36           0.26           0.33           0.26           0.69           0.63           0.59           0.54           
