Attacks        resnet18       resnet50       resnet101      resnet152      densenet121    densenet169    densenet201    efficientnet_b0efficientnet_b1efficientnet_b2efficientnet_b3efficientnet_b4efficientnet_b5efficientnet_b6efficientnet_b7mobilenet_v2   mobilenet_v3_smallmobilenet_v3_largevgg11          vgg13          vgg16          vgg19          
APGD           0.75           0.26           0.24           0.21           0.55           0.53           0.49           0.42           0.32           0.37           0.17           0.12           0.45           0.27           0.39           0.4            0.25           0.36           0.74           0.68           0.77           0.64           
APGDT          0.64           0.24           0.2            0.2            0.45           0.41           0.39           0.36           0.22           0.25           0.12           0.11           0.41           0.28           0.33           0.39           0.25           0.24           0.74           0.6            0.72           0.63           
BIM            0.72           0.33           0.29           0.27           0.55           0.58           0.48           0.44           0.35           0.34           0.18           0.2            0.44           0.29           0.38           0.38           0.23           0.34           0.73           0.68           0.7            0.65           
CW             0.46           0.07           0.08           0.07           0.24           0.14           0.16           0.24           0.13           0.17           0.05           0.05           0.33           0.2            0.25           0.17           0.11           0.15           0.64           0.57           0.57           0.46           
DIFGSM         0.82           0.5            0.38           0.37           0.72           0.7            0.68           0.52           0.51           0.5            0.28           0.27           0.53           0.43           0.53           0.48           0.3            0.43           0.8            0.73           0.77           0.72           
EADEN          0.47           0.07           0.07           0.07           0.2            0.14           0.15           0.24           0.13           0.14           0.04           0.05           0.31           0.21           0.24           0.14           0.11           0.15           0.64           0.56           0.56           0.46           
EADL1          0.47           0.07           0.07           0.07           0.19           0.13           0.14           0.24           0.13           0.14           0.04           0.05           0.32           0.21           0.24           0.14           0.11           0.15           0.64           0.55           0.54           0.46           
EOTPGD         0.69           0.33           0.22           0.28           0.54           0.54           0.48           0.38           0.28           0.3            0.18           0.16           0.46           0.29           0.35           0.4            0.19           0.28           0.73           0.67           0.68           0.65           
FFGSM          0.71           0.33           0.29           0.29           0.57           0.49           0.5            0.48           0.31           0.39           0.22           0.16           0.53           0.43           0.42           0.46           0.34           0.39           0.76           0.66           0.69           0.68           
FGSM           0.75           0.34           0.29           0.27           0.63           0.53           0.54           0.52           0.35           0.44           0.25           0.17           0.53           0.42           0.46           0.48           0.44           0.41           0.81           0.71           0.75           0.71           
GN             0.96           0.72           0.47           0.41           0.84           0.76           0.68           0.72           0.6            0.68           0.46           0.44           0.86           0.74           0.77           0.93           0.96           0.8            0.97           0.98           0.93           0.92           
Jitter         0.6            0.25           0.2            0.19           0.41           0.37           0.37           0.32           0.23           0.26           0.14           0.11           0.34           0.26           0.3            0.31           0.15           0.25           0.69           0.57           0.57           0.56           
MIFGSM         0.77           0.45           0.38           0.34           0.6            0.68           0.59           0.51           0.46           0.44           0.28           0.28           0.51           0.36           0.47           0.48           0.3            0.39           0.8            0.73           0.79           0.7            
NIFGSM         0.77           0.4            0.3            0.25           0.61           0.64           0.57           0.52           0.43           0.45           0.26           0.23           0.49           0.36           0.43           0.47           0.28           0.44           0.83           0.75           0.78           0.72           
PGD            0.68           0.33           0.24           0.28           0.53           0.5            0.47           0.41           0.29           0.32           0.17           0.13           0.42           0.27           0.37           0.4            0.21           0.3            0.74           0.64           0.69           0.64           
PGDL2          0.51           0.1            0.11           0.1            0.28           0.22           0.21           0.28           0.16           0.17           0.06           0.06           0.35           0.24           0.29           0.19           0.14           0.19           0.65           0.58           0.61           0.5            
PGDRS          0.94           0.39           0.27           0.18           0.84           0.68           0.59           0.74           0.37           0.6            0.23           0.25           0.78           0.59           0.71           0.71           0.72           0.62           0.91           0.91           0.89           0.85           
PGDRSL2        1.0            1.0            1.0            1.0            1.0            1.0            1.0            1.0            1.0            1.0            1.0            1.0            1.0            1.0            1.0            1.0            1.0            1.0            1.0            1.0            1.0            1.0            
RFGSM          0.73           0.3            0.26           0.26           0.55           0.57           0.47           0.38           0.36           0.31           0.22           0.14           0.43           0.31           0.37           0.4            0.23           0.34           0.75           0.68           0.72           0.65           
SINIFGSM       0.85           0.35           0.26           0.22           0.69           0.63           0.64           0.54           0.32           0.48           0.22           0.12           0.53           0.43           0.45           0.49           0.33           0.43           0.84           0.79           0.83           0.78           
TIFGSM         0.76           0.29           0.3            0.25           0.6            0.63           0.62           0.5            0.3            0.46           0.23           0.17           0.54           0.48           0.54           0.32           0.31           0.35           0.72           0.7            0.72           0.65           
TPGD           0.66           0.29           0.24           0.26           0.53           0.52           0.51           0.38           0.34           0.32           0.22           0.16           0.45           0.36           0.36           0.42           0.27           0.34           0.78           0.68           0.7            0.63           
UPGD           0.75           0.43           0.38           0.35           0.62           0.69           0.6            0.52           0.47           0.43           0.25           0.27           0.49           0.35           0.49           0.5            0.3            0.39           0.81           0.74           0.78           0.73           
VMIFGSM        0.82           0.54           0.5            0.41           0.69           0.73           0.68           0.58           0.53           0.53           0.36           0.36           0.55           0.46           0.56           0.55           0.34           0.5            0.81           0.74           0.81           0.77           
VNIFGSM        0.81           0.64           0.62           0.56           0.76           0.81           0.81           0.67           0.66           0.65           0.44           0.38           0.6            0.6            0.62           0.74           0.56           0.62           0.83           0.8            0.84           0.85           
Pixle          0.79           0.17           0.12           0.08           0.33           0.31           0.28           0.43           0.15           0.31           0.07           0.08           0.44           0.36           0.38           0.33           0.26           0.26           0.83           0.81           0.85           0.71           
Square         0.54           0.13           0.1            0.1            0.28           0.24           0.24           0.31           0.14           0.26           0.05           0.04           0.36           0.25           0.34           0.27           0.28           0.22           0.68           0.64           0.62           0.57           
