Attacks        resnet18       resnet50       resnet101      resnet152      densenet121    densenet161    densenet169    densenet201    efficientnet_b0efficientnet_b1efficientnet_b2efficientnet_b3efficientnet_b4efficientnet_b5efficientnet_b6efficientnet_b7mobilenet_v3_smallmobilenet_v3_largevgg11          vgg13          vgg16          vgg19          
APGD           0.61           0.15           0.13           0.13           0.3            0.22           0.28           0.22           0.33           0.22           0.28           0.12           0.13           0.4            0.25           0.33           0.23           0.27           0.74           0.65           0.61           0.6            
APGDT          0.61           0.2            0.14           0.13           0.31           0.26           0.26           0.22           0.33           0.25           0.34           0.15           0.16           0.39           0.22           0.34           0.28           0.35           0.71           0.65           0.61           0.58           
BIM            0.64           0.21           0.13           0.12           0.35           0.25           0.26           0.22           0.37           0.26           0.31           0.18           0.15           0.41           0.28           0.33           0.29           0.32           0.72           0.65           0.63           0.6            
CW             0.5            0.12           0.1            0.1            0.24           0.18           0.2            0.16           0.24           0.14           0.22           0.09           0.12           0.36           0.28           0.31           0.19           0.18           0.65           0.57           0.56           0.5            
DIFGSM         0.7            0.26           0.19           0.16           0.45           0.32           0.33           0.32           0.52           0.46           0.44           0.29           0.24           0.49           0.36           0.46           0.45           0.53           0.75           0.7            0.73           0.77           
EADEN          0.49           0.11           0.09           0.09           0.24           0.18           0.19           0.15           0.22           0.11           0.2            0.09           0.11           0.36           0.29           0.3            0.19           0.13           0.65           0.58           0.55           0.48           
EADL1          0.49           0.11           0.09           0.09           0.25           0.18           0.19           0.15           0.22           0.12           0.2            0.09           0.11           0.36           0.29           0.3            0.18           0.14           0.65           0.57           0.55           0.47           
EOTPGD         0.61           0.16           0.12           0.13           0.32           0.25           0.28           0.22           0.32           0.19           0.28           0.12           0.14           0.43           0.29           0.33           0.24           0.29           0.68           0.64           0.61           0.61           
FFGSM          0.7            0.31           0.18           0.17           0.44           0.37           0.39           0.34           0.44           0.36           0.41           0.26           0.21           0.48           0.34           0.43           0.41           0.47           0.77           0.72           0.66           0.65           
FGSM           0.73           0.28           0.18           0.23           0.52           0.38           0.39           0.39           0.47           0.36           0.49           0.26           0.26           0.52           0.37           0.47           0.46           0.49           0.8            0.69           0.71           0.72           
GN             0.84           0.44           0.26           0.21           0.58           0.42           0.53           0.42           0.51           0.38           0.43           0.24           0.21           0.66           0.53           0.51           0.68           0.47           0.98           0.93           0.9            0.88           
Jitter         0.55           0.16           0.13           0.13           0.32           0.21           0.24           0.23           0.29           0.23           0.29           0.13           0.12           0.4            0.26           0.29           0.26           0.31           0.68           0.62           0.54           0.5            
MIFGSM         0.72           0.25           0.15           0.18           0.44           0.36           0.29           0.32           0.47           0.39           0.42           0.23           0.19           0.47           0.28           0.45           0.4            0.51           0.76           0.69           0.73           0.74           
NIFGSM         0.68           0.25           0.15           0.2            0.39           0.35           0.32           0.28           0.39           0.33           0.41           0.18           0.17           0.43           0.29           0.43           0.4            0.46           0.75           0.69           0.71           0.73           
PGD            0.59           0.18           0.12           0.1            0.37           0.22           0.26           0.2            0.31           0.23           0.29           0.15           0.14           0.41           0.29           0.31           0.28           0.27           0.72           0.66           0.61           0.59           
PGDL2          0.52           0.12           0.11           0.1            0.28           0.2            0.22           0.17           0.28           0.17           0.23           0.1            0.12           0.37           0.3            0.33           0.19           0.19           0.66           0.61           0.57           0.52           
PGDRS          0.86           0.2            0.17           0.13           0.52           0.3            0.36           0.34           0.51           0.19           0.41           0.09           0.16           0.6            0.44           0.54           0.49           0.38           0.91           0.83           0.83           0.81           
PGDRSL2        0.95           0.52           0.48           0.43           0.62           0.57           0.62           0.67           0.67           0.48           0.62           0.48           0.52           0.71           0.67           0.71           0.71           0.57           0.95           0.86           1.0            0.95           
RFGSM          0.61           0.18           0.15           0.14           0.31           0.21           0.26           0.22           0.38           0.26           0.3            0.13           0.13           0.42           0.29           0.35           0.31           0.3            0.74           0.65           0.65           0.64           
SINIFGSM       0.78           0.3            0.17           0.21           0.5            0.39           0.4            0.34           0.55           0.46           0.47           0.24           0.23           0.49           0.37           0.44           0.48           0.56           0.82           0.75           0.8            0.77           
TIFGSM         0.76           0.21           0.16           0.21           0.5            0.41           0.35           0.37           0.51           0.34           0.47           0.22           0.23           0.51           0.41           0.49           0.43           0.47           0.74           0.75           0.7            0.73           
TPGD           0.53           0.17           0.13           0.1            0.26           0.19           0.24           0.19           0.33           0.23           0.25           0.1            0.13           0.39           0.29           0.32           0.29           0.29           0.68           0.6            0.6            0.55           
UPGD           0.72           0.25           0.15           0.18           0.44           0.36           0.29           0.32           0.47           0.39           0.42           0.23           0.19           0.47           0.28           0.45           0.4            0.51           0.76           0.69           0.73           0.74           
VMIFGSM        0.75           0.35           0.27           0.23           0.5            0.43           0.41           0.44           0.61           0.54           0.54           0.35           0.31           0.5            0.4            0.49           0.51           0.58           0.8            0.69           0.77           0.79           
VNIFGSM        0.84           0.37           0.21           0.21           0.54           0.41           0.4            0.47           0.69           0.58           0.57           0.32           0.26           0.52           0.47           0.53           0.53           0.68           0.89           0.88           0.84           0.84           
Pixle          0.8            0.27           0.16           0.16           0.42           0.4            0.32           0.31           0.47           0.16           0.44           0.16           0.14           0.51           0.43           0.52           0.41           0.25           0.91           0.91           0.81           0.79           
Square         0.58           0.16           0.14           0.14           0.3            0.27           0.25           0.23           0.39           0.16           0.34           0.1            0.09           0.42           0.38           0.43           0.37           0.27           0.7            0.64           0.62           0.63           
