Attacks        resnet18       resnet50       resnet101      densenet121    densenet161    densenet169    densenet201    efficientnet_b0efficientnet_b1efficientnet_b2efficientnet_b3efficientnet_b4efficientnet_b5efficientnet_b6efficientnet_b7mobilenet_v2   mobilenet_v3_smallmobilenet_v3_largevgg11          vgg13          vgg16          vgg19          
APGD           0.7            0.45           0.39           0.5            0.45           0.43           0.48           0.41           0.34           0.38           0.26           0.25           0.47           0.37           0.43           0.44           0.36           0.38           0.74           0.66           0.7            0.68           
APGDT          0.64           0.4            0.36           0.46           0.42           0.39           0.4            0.4            0.35           0.4            0.25           0.26           0.43           0.34           0.43           0.37           0.3            0.31           0.74           0.65           0.68           0.64           
BIM            0.69           0.38           0.38           0.45           0.43           0.42           0.41           0.4            0.35           0.36           0.24           0.26           0.43           0.34           0.39           0.46           0.28           0.36           0.71           0.61           0.66           0.63           
CW             0.55           0.18           0.16           0.31           0.28           0.28           0.23           0.3            0.18           0.27           0.14           0.14           0.4            0.3            0.35           0.24           0.23           0.25           0.66           0.61           0.58           0.5            
DIFGSM         0.75           0.57           0.58           0.6            0.56           0.55           0.53           0.52           0.49           0.5            0.37           0.43           0.56           0.49           0.5            0.5            0.38           0.5            0.77           0.67           0.7            0.73           
EADEN          0.55           0.15           0.1            0.29           0.26           0.26           0.22           0.28           0.17           0.25           0.12           0.14           0.39           0.31           0.31           0.23           0.23           0.23           0.65           0.58           0.57           0.51           
EADL1          0.54           0.15           0.1            0.31           0.26           0.26           0.23           0.27           0.18           0.26           0.12           0.12           0.39           0.31           0.31           0.23           0.23           0.23           0.64           0.58           0.57           0.5            
EOTPGD         0.65           0.38           0.35           0.43           0.41           0.39           0.37           0.37           0.34           0.39           0.24           0.24           0.48           0.34           0.39           0.35           0.29           0.35           0.73           0.64           0.68           0.63           
FFGSM          0.76           0.65           0.57           0.77           0.67           0.73           0.67           0.7            0.61           0.71           0.49           0.52           0.74           0.63           0.73           0.71           0.63           0.61           0.87           0.77           0.84           0.84           
FGSM           0.82           0.6            0.67           0.75           0.71           0.75           0.71           0.69           0.63           0.67           0.5            0.55           0.72           0.63           0.71           0.74           0.63           0.62           0.9            0.84           0.84           0.8            
GN             0.95           0.88           0.72           0.93           0.86           0.92           0.88           0.9            0.82           0.81           0.6            0.68           0.93           0.85           0.87           0.96           0.94           0.85           0.99           0.97           0.98           0.97           
Jitter         0.57           0.34           0.34           0.44           0.39           0.36           0.32           0.35           0.36           0.29           0.21           0.25           0.43           0.33           0.38           0.35           0.3            0.31           0.69           0.63           0.6            0.55           
MIFGSM         0.73           0.53           0.52           0.52           0.48           0.5            0.52           0.46           0.45           0.47           0.34           0.34           0.51           0.42           0.49           0.48           0.36           0.45           0.74           0.65           0.7            0.7            
NIFGSM         0.71           0.5            0.44           0.53           0.45           0.49           0.48           0.42           0.45           0.41           0.35           0.33           0.45           0.38           0.41           0.47           0.38           0.43           0.71           0.65           0.69           0.72           
PGD            0.65           0.43           0.35           0.46           0.41           0.39           0.36           0.37           0.33           0.34           0.21           0.23           0.43           0.34           0.38           0.4            0.3            0.33           0.73           0.64           0.63           0.62           
PGDL2          0.66           0.31           0.24           0.52           0.39           0.42           0.36           0.47           0.3            0.45           0.18           0.23           0.53           0.49           0.49           0.4            0.39           0.36           0.78           0.77           0.74           0.68           
PGDRS          0.92           0.73           0.65           0.82           0.8            0.89           0.87           0.85           0.71           0.85           0.57           0.63           0.88           0.82           0.83           0.82           0.83           0.87           0.96           0.96           0.88           0.92           
PGDRSL2        1.0            1.0            1.0            1.0            1.0            1.0            1.0            1.0            1.0            1.0            1.0            1.0            1.0            1.0            1.0            1.0            1.0            1.0            1.0            1.0            1.0            1.0            
RFGSM          0.67           0.4            0.39           0.44           0.4            0.39           0.4            0.38           0.35           0.38           0.22           0.26           0.46           0.36           0.4            0.4            0.29           0.34           0.73           0.64           0.66           0.63           
SINIFGSM       0.79           0.6            0.54           0.6            0.57           0.6            0.58           0.53           0.53           0.52           0.4            0.38           0.55           0.44           0.51           0.56           0.41           0.5            0.8            0.68           0.74           0.76           
TIFGSM         0.74           0.5            0.57           0.68           0.65           0.64           0.64           0.53           0.46           0.52           0.37           0.36           0.61           0.6            0.59           0.48           0.5            0.49           0.78           0.74           0.69           0.72           
TPGD           0.6            0.32           0.31           0.41           0.35           0.37           0.34           0.41           0.31           0.36           0.2            0.17           0.43           0.33           0.37           0.38           0.29           0.32           0.68           0.64           0.62           0.64           
UPGD           0.69           0.47           0.52           0.53           0.47           0.52           0.5            0.45           0.42           0.46           0.34           0.34           0.49           0.43           0.44           0.47           0.39           0.43           0.75           0.67           0.7            0.69           
VMIFGSM        0.73           0.58           0.59           0.64           0.55           0.59           0.59           0.54           0.52           0.54           0.44           0.46           0.57           0.5            0.55           0.54           0.44           0.49           0.75           0.69           0.72           0.74           
VNIFGSM        0.77           0.73           0.67           0.68           0.65           0.67           0.62           0.6            0.58           0.57           0.54           0.49           0.62           0.51           0.53           0.66           0.5            0.57           0.85           0.79           0.78           0.77           
Pixle          0.9            0.48           0.39           0.72           0.71           0.57           0.57           0.57           0.36           0.67           0.28           0.25           0.69           0.61           0.66           0.65           0.55           0.53           0.93           0.89           0.91           0.87           
Square         0.65           0.27           0.18           0.41           0.3            0.36           0.38           0.43           0.23           0.34           0.18           0.12           0.45           0.38           0.44           0.34           0.32           0.31           0.73           0.7            0.67           0.58           
