Attacks        resnet18       resnet101      resnet152      densenet121    densenet161    densenet169    densenet201    efficientnet_b0efficientnet_b1efficientnet_b2efficientnet_b3efficientnet_b4efficientnet_b5efficientnet_b6efficientnet_b7mobilenet_v2   mobilenet_v3_smallmobilenet_v3_largevgg11          vgg13          vgg16          vgg19          
APGD           0.61           0.25           0.25           0.41           0.43           0.36           0.33           0.32           0.32           0.33           0.18           0.15           0.46           0.33           0.38           0.38           0.27           0.29           0.68           0.63           0.6            0.63           
APGDT          0.61           0.32           0.25           0.42           0.38           0.36           0.34           0.35           0.3            0.3            0.19           0.13           0.46           0.33           0.36           0.38           0.27           0.28           0.69           0.65           0.61           0.57           
BIM            0.61           0.29           0.27           0.44           0.36           0.36           0.31           0.35           0.29           0.29           0.18           0.15           0.46           0.34           0.34           0.39           0.26           0.34           0.67           0.59           0.63           0.58           
CW             0.5            0.14           0.1            0.28           0.25           0.26           0.25           0.27           0.15           0.22           0.14           0.06           0.41           0.3            0.33           0.26           0.19           0.21           0.63           0.59           0.57           0.48           
DIFGSM         0.66           0.42           0.45           0.53           0.51           0.48           0.47           0.44           0.41           0.39           0.3            0.29           0.46           0.37           0.42           0.54           0.33           0.42           0.7            0.62           0.64           0.66           
EADEN          0.49           0.12           0.09           0.28           0.24           0.25           0.22           0.26           0.13           0.19           0.12           0.06           0.4            0.3            0.32           0.23           0.2            0.2            0.63           0.57           0.57           0.48           
EADL1          0.5            0.12           0.09           0.27           0.24           0.25           0.23           0.26           0.13           0.19           0.12           0.07           0.4            0.3            0.32           0.24           0.2            0.21           0.64           0.57           0.57           0.48           
EOTPGD         0.6            0.23           0.23           0.42           0.34           0.36           0.31           0.33           0.27           0.29           0.15           0.12           0.41           0.3            0.33           0.34           0.22           0.32           0.66           0.6            0.63           0.6            
FFGSM          0.82           0.4            0.44           0.68           0.53           0.56           0.57           0.61           0.45           0.54           0.34           0.28           0.58           0.52           0.6            0.61           0.44           0.52           0.84           0.81           0.76           0.71           
FGSM           0.79           0.42           0.42           0.63           0.56           0.6            0.56           0.6            0.48           0.54           0.34           0.32           0.57           0.5            0.55           0.65           0.52           0.54           0.87           0.81           0.82           0.77           
GN             0.95           0.46           0.47           0.82           0.69           0.76           0.7            0.72           0.66           0.66           0.43           0.42           0.82           0.71           0.77           0.94           0.91           0.81           0.98           0.98           0.95           0.97           
Jitter         0.59           0.19           0.2            0.39           0.32           0.33           0.3            0.33           0.27           0.28           0.18           0.1            0.42           0.28           0.34           0.35           0.23           0.34           0.64           0.61           0.59           0.54           
MIFGSM         0.65           0.39           0.35           0.49           0.45           0.44           0.41           0.4            0.37           0.37           0.26           0.23           0.42           0.33           0.36           0.47           0.33           0.42           0.72           0.67           0.65           0.63           
NIFGSM         0.7            0.35           0.29           0.5            0.43           0.43           0.43           0.4            0.36           0.39           0.25           0.15           0.43           0.32           0.39           0.46           0.36           0.38           0.75           0.59           0.62           0.64           
PGD            0.57           0.23           0.24           0.41           0.37           0.34           0.32           0.33           0.29           0.27           0.16           0.16           0.45           0.28           0.32           0.35           0.26           0.33           0.64           0.58           0.57           0.58           
PGDL2          0.62           0.16           0.14           0.37           0.28           0.36           0.33           0.35           0.2            0.34           0.16           0.12           0.49           0.43           0.41           0.36           0.3            0.28           0.76           0.76           0.68           0.59           
PGDRS          0.97           0.45           0.36           0.91           0.67           0.78           0.74           0.85           0.66           0.72           0.34           0.42           0.85           0.73           0.77           0.91           0.84           0.75           1.0            0.93           0.95           0.92           
PGDRSL2        1.0            1.0            1.0            1.0            1.0            1.0            1.0            1.0            1.0            1.0            1.0            1.0            1.0            1.0            1.0            1.0            1.0            1.0            1.0            1.0            1.0            1.0            
RFGSM          0.62           0.29           0.26           0.4            0.37           0.38           0.34           0.34           0.3            0.32           0.2            0.18           0.42           0.29           0.35           0.41           0.23           0.35           0.66           0.59           0.6            0.56           
SINIFGSM       0.74           0.43           0.38           0.57           0.53           0.53           0.49           0.46           0.42           0.46           0.29           0.24           0.47           0.36           0.44           0.53           0.38           0.44           0.78           0.71           0.77           0.7            
TIFGSM         0.7            0.38           0.36           0.63           0.55           0.54           0.52           0.45           0.38           0.41           0.26           0.23           0.56           0.48           0.55           0.44           0.4            0.46           0.72           0.69           0.66           0.65           
TPGD           0.58           0.17           0.19           0.39           0.35           0.33           0.29           0.32           0.23           0.3            0.14           0.15           0.4            0.35           0.39           0.35           0.26           0.28           0.69           0.64           0.62           0.59           
UPGD           0.63           0.39           0.33           0.49           0.4            0.43           0.41           0.38           0.39           0.37           0.23           0.22           0.46           0.35           0.39           0.47           0.34           0.42           0.72           0.67           0.68           0.63           
VMIFGSM        0.68           0.5            0.49           0.57           0.54           0.54           0.52           0.45           0.47           0.43           0.38           0.34           0.49           0.4            0.48           0.53           0.36           0.52           0.74           0.65           0.7            0.68           
VNIFGSM        0.74           0.56           0.47           0.62           0.59           0.57           0.56           0.5            0.57           0.55           0.4            0.33           0.51           0.46           0.5            0.66           0.43           0.53           0.81           0.83           0.79           0.78           
Pixle          0.86           0.23           0.17           0.64           0.52           0.54           0.45           0.56           0.33           0.53           0.21           0.16           0.66           0.52           0.59           0.57           0.49           0.36           0.94           0.91           0.88           0.79           
Square         0.57           0.14           0.15           0.41           0.32           0.32           0.28           0.33           0.17           0.3            0.11           0.07           0.46           0.34           0.47           0.37           0.35           0.25           0.68           0.66           0.61           0.56           
