Attacks        resnet18       resnet50       resnet101      resnet152      densenet121    densenet161    densenet169    densenet201    efficientnet_b0efficientnet_b1efficientnet_b2efficientnet_b3efficientnet_b4efficientnet_b5efficientnet_b6efficientnet_b7mobilenet_v2   mobilenet_v3_smallmobilenet_v3_largevgg11          vgg13          vgg16          
APGD           0.52           0.17           0.15           0.1            0.24           0.17           0.19           0.22           0.24           0.21           0.2            0.08           0.09           0.33           0.2            0.24           0.4            0.19           0.22           0.77           0.86           0.88           
APGDT          0.47           0.14           0.15           0.12           0.27           0.18           0.17           0.19           0.23           0.16           0.18           0.06           0.1            0.32           0.23           0.23           0.34           0.18           0.24           0.75           0.72           0.77           
BIM            0.57           0.18           0.11           0.12           0.29           0.21           0.24           0.23           0.29           0.21           0.19           0.1            0.1            0.37           0.24           0.27           0.41           0.19           0.27           0.81           0.82           0.91           
CW             0.31           0.1            0.1            0.08           0.13           0.12           0.12           0.17           0.16           0.11           0.13           0.04           0.06           0.28           0.22           0.24           0.18           0.15           0.12           0.54           0.47           0.49           
DIFGSM         0.7            0.25           0.16           0.17           0.41           0.29           0.32           0.27           0.35           0.33           0.33           0.12           0.11           0.38           0.26           0.31           0.45           0.22           0.33           0.89           0.93           0.94           
EADEN          0.27           0.09           0.1            0.09           0.12           0.11           0.11           0.15           0.15           0.11           0.13           0.04           0.06           0.28           0.21           0.24           0.15           0.15           0.11           0.55           0.43           0.4            
EADL1          0.28           0.09           0.1            0.09           0.12           0.11           0.12           0.16           0.15           0.11           0.13           0.04           0.06           0.28           0.21           0.24           0.15           0.15           0.11           0.55           0.43           0.4            
EOTPGD         0.56           0.15           0.12           0.12           0.27           0.17           0.19           0.24           0.28           0.25           0.17           0.06           0.09           0.33           0.21           0.23           0.4            0.22           0.3            0.79           0.86           0.9            
FFGSM          0.61           0.2            0.17           0.12           0.39           0.24           0.26           0.29           0.41           0.2            0.34           0.08           0.1            0.39           0.22           0.27           0.46           0.26           0.31           0.82           0.82           0.89           
FGSM           0.65           0.16           0.15           0.11           0.42           0.29           0.29           0.29           0.43           0.2            0.38           0.1            0.11           0.41           0.24           0.32           0.46           0.28           0.31           0.83           0.83           0.88           
GN             0.69           0.23           0.12           0.1            0.36           0.23           0.26           0.2            0.24           0.18           0.17           0.05           0.1            0.53           0.3            0.31           0.78           0.6            0.33           0.96           0.93           0.88           
Jitter         0.39           0.11           0.11           0.09           0.23           0.15           0.15           0.17           0.18           0.17           0.14           0.07           0.08           0.32           0.18           0.23           0.29           0.17           0.13           0.61           0.61           0.71           
MIFGSM         0.69           0.25           0.18           0.15           0.4            0.32           0.33           0.29           0.38           0.27           0.28           0.12           0.14           0.41           0.25           0.29           0.5            0.24           0.37           0.87           0.92           0.93           
NIFGSM         0.65           0.23           0.15           0.12           0.39           0.28           0.3            0.3            0.41           0.23           0.33           0.1            0.12           0.39           0.24           0.27           0.5            0.26           0.37           0.84           0.91           0.93           
PGD            0.51           0.19           0.13           0.12           0.27           0.21           0.2            0.23           0.26           0.23           0.2            0.09           0.07           0.33           0.2            0.26           0.4            0.19           0.3            0.8            0.8            0.9            
PGDL2          0.32           0.1            0.09           0.1            0.13           0.14           0.12           0.18           0.17           0.11           0.13           0.05           0.06           0.28           0.22           0.25           0.18           0.15           0.13           0.55           0.55           0.53           
PGDRS          0.61           0.09           0.09           0.08           0.33           0.21           0.23           0.17           0.28           0.14           0.23           0.06           0.08           0.37           0.28           0.35           0.34           0.36           0.21           0.88           0.81           0.75           
PGDRSL2        1.0            1.0            1.0            1.0            1.0            1.0            1.0            1.0            1.0            1.0            1.0            1.0            1.0            1.0            1.0            1.0            1.0            1.0            1.0            1.0            1.0            1.0            
RFGSM          0.58           0.18           0.11           0.11           0.29           0.18           0.24           0.23           0.3            0.22           0.19           0.09           0.08           0.32           0.22           0.27           0.37           0.21           0.33           0.76           0.83           0.88           
SINIFGSM       0.67           0.21           0.14           0.11           0.4            0.28           0.34           0.28           0.45           0.27           0.37           0.11           0.09           0.43           0.24           0.31           0.52           0.26           0.34           0.9            0.92           0.94           
TIFGSM         0.7            0.17           0.14           0.17           0.45           0.31           0.32           0.32           0.41           0.2            0.26           0.08           0.11           0.45           0.31           0.41           0.35           0.27           0.29           0.8            0.84           0.85           
TPGD           0.55           0.16           0.09           0.11           0.28           0.18           0.19           0.16           0.26           0.23           0.21           0.06           0.11           0.32           0.17           0.26           0.37           0.24           0.21           0.83           0.86           0.91           
UPGD           0.69           0.25           0.18           0.15           0.4            0.32           0.33           0.29           0.38           0.27           0.28           0.12           0.14           0.41           0.25           0.29           0.5            0.24           0.37           0.87           0.92           0.93           
VMIFGSM        0.76           0.34           0.25           0.18           0.48           0.36           0.38           0.39           0.49           0.36           0.41           0.2            0.19           0.44           0.31           0.36           0.56           0.31           0.44           0.87           0.95           0.94           
VNIFGSM        0.84           0.31           0.2            0.17           0.59           0.39           0.5            0.32           0.58           0.46           0.51           0.17           0.21           0.48           0.4            0.47           0.65           0.34           0.48           0.98           0.99           1.0            
Pixle          0.37           0.11           0.11           0.11           0.14           0.14           0.13           0.17           0.16           0.12           0.16           0.08           0.08           0.27           0.27           0.25           0.11           0.15           0.12           0.71           0.65           0.57           
Square         0.44           0.09           0.09           0.12           0.22           0.2            0.17           0.18           0.25           0.13           0.22           0.08           0.06           0.31           0.23           0.27           0.28           0.23           0.2            0.63           0.56           0.5            
