Attacks        resnet18       resnet50       resnet101      resnet152      densenet121    densenet161    densenet169    densenet201    efficientnet_b0efficientnet_b1efficientnet_b2efficientnet_b3efficientnet_b4efficientnet_b5efficientnet_b6efficientnet_b7mobilenet_v2   mobilenet_v3_smallmobilenet_v3_largevgg11          vgg13          vgg19          
APGD           0.55           0.13           0.09           0.05           0.22           0.15           0.18           0.15           0.18           0.2            0.19           0.1            0.08           0.28           0.15           0.2            0.38           0.18           0.21           0.79           0.86           0.91           
APGDT          0.51           0.12           0.11           0.1            0.25           0.16           0.21           0.15           0.22           0.16           0.18           0.09           0.11           0.28           0.15           0.16           0.29           0.15           0.14           0.68           0.71           0.72           
BIM            0.62           0.17           0.12           0.07           0.26           0.21           0.18           0.19           0.27           0.25           0.18           0.13           0.09           0.3            0.2            0.23           0.4            0.15           0.29           0.84           0.87           0.93           
CW             0.25           0.1            0.06           0.07           0.16           0.11           0.13           0.12           0.13           0.1            0.14           0.06           0.08           0.22           0.16           0.21           0.14           0.13           0.13           0.51           0.45           0.4            
DIFGSM         0.79           0.2            0.11           0.09           0.38           0.26           0.29           0.27           0.34           0.29           0.3            0.18           0.11           0.36           0.29           0.34           0.45           0.26           0.34           0.89           0.97           0.97           
EADEN          0.22           0.1            0.06           0.06           0.13           0.11           0.12           0.11           0.13           0.1            0.13           0.06           0.08           0.22           0.17           0.21           0.12           0.12           0.1            0.49           0.38           0.26           
EADL1          0.22           0.1            0.06           0.06           0.12           0.11           0.12           0.11           0.13           0.1            0.13           0.06           0.08           0.22           0.17           0.2            0.12           0.12           0.1            0.49           0.38           0.25           
EOTPGD         0.57           0.11           0.11           0.08           0.26           0.18           0.2            0.18           0.22           0.19           0.16           0.12           0.1            0.29           0.17           0.21           0.43           0.17           0.21           0.82           0.87           0.91           
FFGSM          0.63           0.18           0.11           0.1            0.35           0.23           0.26           0.24           0.34           0.21           0.29           0.13           0.11           0.35           0.24           0.29           0.43           0.2            0.27           0.83           0.86           0.91           
FGSM           0.72           0.16           0.1            0.09           0.4            0.27           0.29           0.24           0.35           0.15           0.37           0.15           0.12           0.32           0.25           0.28           0.41           0.25           0.24           0.85           0.85           0.9            
GN             0.62           0.21           0.11           0.13           0.32           0.18           0.31           0.23           0.23           0.19           0.24           0.09           0.16           0.49           0.27           0.3            0.75           0.57           0.32           0.95           0.91           0.86           
Jitter         0.37           0.08           0.09           0.07           0.2            0.13           0.14           0.13           0.12           0.07           0.14           0.07           0.09           0.25           0.14           0.2            0.23           0.13           0.14           0.67           0.6            0.68           
MIFGSM         0.71           0.21           0.14           0.09           0.38           0.26           0.29           0.25           0.38           0.25           0.27           0.15           0.14           0.36           0.27           0.27           0.49           0.24           0.42           0.85           0.95           0.95           
NIFGSM         0.71           0.2            0.12           0.07           0.36           0.24           0.27           0.23           0.38           0.26           0.26           0.14           0.17           0.37           0.28           0.28           0.52           0.18           0.34           0.85           0.9            0.95           
PGD            0.57           0.12           0.12           0.1            0.24           0.15           0.21           0.16           0.21           0.2            0.18           0.08           0.1            0.28           0.16           0.22           0.33           0.17           0.2            0.8            0.85           0.87           
PGDL2          0.31           0.11           0.07           0.07           0.14           0.11           0.14           0.12           0.13           0.1            0.14           0.07           0.07           0.22           0.19           0.21           0.15           0.13           0.13           0.55           0.55           0.47           
PGDRS          0.67           0.07           0.05           0.04           0.28           0.16           0.21           0.2            0.23           0.14           0.21           0.06           0.06           0.4            0.28           0.32           0.31           0.29           0.16           0.84           0.79           0.61           
PGDRSL2        1.0            1.0            1.0            1.0            1.0            1.0            1.0            1.0            1.0            1.0            1.0            1.0            1.0            1.0            1.0            1.0            1.0            1.0            1.0            1.0            1.0            1.0            
RFGSM          0.64           0.15           0.11           0.08           0.29           0.18           0.23           0.16           0.23           0.22           0.19           0.11           0.1            0.27           0.17           0.21           0.42           0.16           0.25           0.82           0.87           0.89           
SINIFGSM       0.76           0.18           0.09           0.07           0.43           0.25           0.32           0.29           0.41           0.26           0.33           0.16           0.13           0.37           0.25           0.3            0.49           0.26           0.36           0.89           0.94           0.95           
TIFGSM         0.75           0.12           0.1            0.09           0.42           0.28           0.31           0.31           0.4            0.17           0.29           0.12           0.13           0.39           0.34           0.39           0.29           0.25           0.32           0.86           0.88           0.88           
TPGD           0.55           0.18           0.12           0.08           0.29           0.17           0.25           0.18           0.24           0.19           0.19           0.13           0.09           0.31           0.2            0.3            0.39           0.17           0.3            0.83           0.81           0.91           
UPGD           0.71           0.21           0.14           0.09           0.38           0.26           0.29           0.26           0.38           0.25           0.27           0.15           0.14           0.36           0.27           0.27           0.49           0.24           0.42           0.85           0.95           0.95           
VMIFGSM        0.79           0.27           0.2            0.14           0.52           0.36           0.44           0.37           0.5            0.34           0.44           0.21           0.19           0.4            0.3            0.33           0.55           0.28           0.46           0.89           0.98           0.98           
VNIFGSM        0.82           0.42           0.27           0.2            0.63           0.43           0.52           0.44           0.61           0.5            0.5            0.21           0.17           0.44           0.36           0.43           0.65           0.44           0.5            0.96           0.99           0.99           
Pixle          0.38           0.09           0.04           0.07           0.19           0.1            0.15           0.13           0.16           0.08           0.17           0.08           0.07           0.23           0.2            0.24           0.08           0.14           0.12           0.69           0.52           0.39           
Square         0.41           0.09           0.09           0.08           0.26           0.15           0.17           0.15           0.23           0.12           0.2            0.09           0.1            0.32           0.23           0.25           0.33           0.26           0.16           0.64           0.59           0.57           
