Attacks        resnet18       resnet50       resnet101      resnet152      densenet121    densenet161    densenet169    densenet201    efficientnet_b0efficientnet_b1efficientnet_b2efficientnet_b3efficientnet_b4efficientnet_b5efficientnet_b6efficientnet_b7mobilenet_v2   mobilenet_v3_smallvgg11          vgg13          vgg16          vgg19          
APGD           0.99           0.6            0.63           0.62           0.99           0.96           0.96           0.96           0.94           0.87           0.95           0.85           0.85           0.91           0.93           0.94           0.69           0.83           1.0            1.0            1.0            1.0            
APGDT          0.93           0.56           0.59           0.55           0.9            0.93           0.8            0.89           0.91           0.89           0.93           0.78           0.81           0.89           0.92           0.93           0.67           0.71           0.97           0.97           0.99           0.98           
BIM            1.0            0.59           0.66           0.66           0.99           1.0            0.97           0.99           0.94           0.93           0.96           0.87           0.88           0.99           0.97           0.97           0.81           0.89           1.0            1.0            1.0            1.0            
CW             0.41           0.25           0.19           0.16           0.35           0.25           0.28           0.3            0.3            0.26           0.34           0.22           0.19           0.35           0.28           0.38           0.4            0.28           0.55           0.53           0.6            0.56           
DIFGSM         1.0            0.79           0.83           0.83           1.0            0.99           1.0            1.0            1.0            0.98           0.98           0.99           0.97           1.0            0.99           0.99           0.97           1.0            1.0            1.0            1.0            1.0            
EADEN          0.23           0.14           0.09           0.04           0.14           0.1            0.13           0.14           0.19           0.11           0.23           0.12           0.11           0.24           0.2            0.29           0.16           0.14           0.41           0.32           0.35           0.28           
EADL1          0.22           0.14           0.09           0.04           0.13           0.11           0.13           0.14           0.19           0.11           0.2            0.1            0.1            0.24           0.19           0.28           0.16           0.12           0.41           0.32           0.34           0.29           
EOTPGD         0.99           0.56           0.63           0.63           0.99           1.0            0.97           0.99           0.96           0.9            0.94           0.87           0.82           0.97           0.95           0.95           0.75           0.89           1.0            1.0            1.0            1.0            
FFGSM          0.95           0.67           0.76           0.78           0.92           0.88           0.78           0.8            0.86           0.78           0.87           0.73           0.86           0.86           0.84           0.87           0.76           0.81           0.98           1.0            0.99           0.99           
FGSM           0.95           0.74           0.79           0.78           0.89           0.89           0.82           0.83           0.9            0.83           0.89           0.77           0.86           0.89           0.91           0.88           0.78           0.77           0.97           0.98           0.99           0.98           
GN             0.78           0.76           0.85           0.85           0.86           0.84           0.83           0.83           0.81           0.85           0.8            0.72           0.78           0.88           0.75           0.76           0.88           0.94           0.88           0.87           0.92           0.88           
Jitter         0.9            0.63           0.61           0.61           0.94           0.91           0.85           0.88           0.91           0.87           0.83           0.66           0.68           0.95           0.92           0.9            0.7            0.64           0.97           0.97           0.98           1.0            
MIFGSM         1.0            0.67           0.69           0.73           0.99           1.0            1.0            0.99           0.97           0.94           0.98           0.92           0.93           1.0            0.96           0.99           0.91           0.96           1.0            1.0            1.0            1.0            
NIFGSM         0.98           0.61           0.62           0.65           0.98           1.0            0.99           0.98           0.96           0.88           0.91           0.84           0.79           0.9            0.88           0.9            0.8            0.91           1.0            1.0            1.0            1.0            
PGD            1.0            0.56           0.63           0.6            0.99           0.99           0.98           0.98           0.95           0.89           0.95           0.85           0.83           0.94           0.92           1.0            0.73           0.86           1.0            1.0            1.0            1.0            
PGDL2          0.65           0.41           0.46           0.42           0.59           0.52           0.45           0.5            0.63           0.56           0.67           0.55           0.43           0.76           0.75           0.7            0.41           0.45           0.77           0.78           0.85           0.87           
PGDRS          0.75           0.76           0.78           0.7            0.82           0.83           0.88           0.76           0.69           0.6            0.73           0.52           0.54           0.81           0.79           0.73           0.7            0.55           0.8            0.87           0.75           0.81           
PGDRSL2        0.72           1.0            0.6            1.0            0.65           1.0            0.58           1.0            0.88           0.8            0.79           1.0            1.0            0.69           0.64           0.72           0.86           0.6            1.0            0.94           1.0            1.0            
RFGSM          0.99           0.56           0.63           0.67           0.99           0.99           0.98           0.99           0.95           0.89           0.94           0.86           0.84           0.98           0.92           0.97           0.78           0.91           1.0            1.0            1.0            1.0            
SINIFGSM       0.99           0.72           0.7            0.71           0.97           0.94           0.9            0.95           0.96           0.95           0.94           0.81           0.81           0.91           0.88           0.91           0.92           0.86           1.0            1.0            1.0            1.0            
TIFGSM         1.0            0.72           0.83           0.82           0.99           1.0            1.0            0.98           0.99           0.92           0.99           0.9            0.91           0.99           0.99           0.98           0.86           0.98           1.0            1.0            1.0            1.0            
TPGD           0.99           0.56           0.63           0.61           0.99           0.97           1.0            0.99           0.93           0.91           0.92           0.86           0.79           1.0            0.98           0.95           0.74           0.9            1.0            1.0            1.0            1.0            
UPGD           1.0            0.67           0.67           0.73           1.0            1.0            1.0            0.99           0.97           0.94           0.98           0.92           0.93           1.0            0.96           0.99           0.91           0.96           1.0            1.0            1.0            1.0            
VMIFGSM        1.0            0.77           0.78           0.82           1.0            1.0            1.0            0.99           0.99           0.97           0.98           1.0            0.96           1.0            0.98           0.98           0.99           0.97           1.0            1.0            1.0            1.0            
VNIFGSM        1.0            0.89           0.84           0.8            1.0            1.0            1.0            1.0            1.0            0.98           0.99           0.98           0.96           1.0            0.99           1.0            0.98           0.99           1.0            1.0            1.0            1.0            
Pixle          0.45           0.41           0.4            0.34           0.44           0.33           0.33           0.39           0.47           0.42           0.65           0.47           0.33           0.64           0.52           0.56           0.48           0.33           0.61           0.46           0.52           0.58           
Square         0.44           0.28           0.2            0.24           0.38           0.31           0.34           0.32           0.45           0.29           0.39           0.2            0.19           0.47           0.44           0.49           0.47           0.42           0.65           0.56           0.56           0.66           
