Models         resnet18       resnet50       resnet101      resnet152      densenet121    densenet161    densenet169    densenet201    efficientnet_b0efficientnet_b1efficientnet_b2efficientnet_b3efficientnet_b4efficientnet_b5efficientnet_b6efficientnet_b7mobilenet_v2   mobilenet_v3_smallmobilenet_v3_largevgg11          vgg13          vgg16          vgg19          
resnet18       0.94           0.15           0.09           0.09           0.35           0.25           0.29           0.25           0.26           0.15           0.22           0.08           0.09           0.3            0.23           0.26           0.31           0.17           0.23           0.72           0.67           0.66           0.62           
resnet50       0.64           0.94           0.31           0.34           0.49           0.42           0.45           0.39           0.4            0.32           0.35           0.2            0.19           0.45           0.36           0.38           0.44           0.32           0.36           0.71           0.68           0.67           0.66           
resnet101      0.67           0.52           0.95           0.48           0.56           0.5            0.51           0.47           0.44           0.38           0.41           0.28           0.26           0.49           0.44           0.46           0.47           0.36           0.43           0.73           0.68           0.7            0.68           
resnet152      0.67           0.52           0.48           0.95           0.55           0.5            0.52           0.48           0.45           0.39           0.43           0.29           0.3            0.51           0.43           0.46           0.44           0.38           0.41           0.74           0.69           0.72           0.69           
densenet121    0.7            0.28           0.21           0.19           0.93           0.47           0.52           0.45           0.37           0.24           0.34           0.16           0.16           0.42           0.35           0.37           0.39           0.28           0.31           0.75           0.7            0.72           0.67           
densenet161    0.71           0.35           0.28           0.27           0.58           0.93           0.59           0.54           0.43           0.31           0.35           0.18           0.17           0.41           0.34           0.39           0.4            0.28           0.35           0.73           0.68           0.72           0.65           
densenet169    0.73           0.36           0.28           0.27           0.63           0.58           0.93           0.53           0.42           0.32           0.39           0.22           0.22           0.46           0.39           0.42           0.42           0.31           0.36           0.75           0.7            0.73           0.68           
densenet201    0.74           0.34           0.28           0.28           0.64           0.59           0.6            0.93           0.43           0.33           0.38           0.21           0.21           0.47           0.39           0.42           0.41           0.32           0.39           0.76           0.71           0.73           0.68           
efficientnet_b00.71           0.23           0.19           0.17           0.49           0.37           0.4            0.36           0.94           0.52           0.6            0.36           0.3            0.51           0.45           0.46           0.62           0.45           0.58           0.77           0.74           0.74           0.71           
efficientnet_b10.66           0.33           0.23           0.23           0.48           0.38           0.42           0.37           0.55           0.95           0.47           0.37           0.31           0.48           0.41           0.43           0.61           0.37           0.58           0.74           0.7            0.72           0.69           
efficientnet_b20.7            0.3            0.26           0.24           0.51           0.41           0.46           0.4            0.65           0.51           0.95           0.43           0.36           0.56           0.49           0.52           0.6            0.4            0.52           0.78           0.75           0.74           0.71           
efficientnet_b30.67           0.33           0.27           0.29           0.5            0.44           0.44           0.4            0.54           0.56           0.52           0.95           0.46           0.52           0.47           0.49           0.56           0.4            0.52           0.74           0.71           0.69           0.67           
efficientnet_b40.68           0.37           0.33           0.34           0.51           0.46           0.47           0.43           0.56           0.53           0.52           0.5            0.95           0.55           0.5            0.53           0.52           0.4            0.49           0.75           0.71           0.71           0.7            
efficientnet_b50.68           0.24           0.19           0.18           0.43           0.32           0.37           0.32           0.46           0.29           0.41           0.23           0.24           0.95           0.68           0.7            0.4            0.37           0.32           0.76           0.71           0.69           0.69           
efficientnet_b60.68           0.25           0.21           0.21           0.46           0.36           0.41           0.34           0.48           0.31           0.46           0.25           0.27           0.72           0.95           0.71           0.39           0.34           0.34           0.75           0.71           0.7            0.68           
efficientnet_b70.68           0.26           0.22           0.22           0.46           0.36           0.39           0.35           0.47           0.33           0.46           0.24           0.26           0.7            0.66           0.95           0.38           0.34           0.34           0.73           0.69           0.69           0.66           
mobilenet_v2   0.63           0.19           0.14           0.15           0.36           0.27           0.3            0.23           0.41           0.31           0.33           0.16           0.16           0.39           0.31           0.35           0.93           0.31           0.39           0.73           0.69           0.67           0.66           
mobilenet_v3_small0.58           0.14           0.13           0.14           0.34           0.24           0.28           0.23           0.43           0.26           0.35           0.15           0.13           0.43           0.33           0.37           0.41           0.93           0.35           0.71           0.65           0.63           0.6            
mobilenet_v3_large0.64           0.24           0.2            0.18           0.44           0.35           0.37           0.31           0.51           0.51           0.44           0.3            0.24           0.47           0.38           0.41           0.6            0.39           0.93           0.74           0.69           0.7            0.68           
vgg11          0.54           0.11           0.07           0.07           0.25           0.16           0.18           0.16           0.27           0.17           0.22           0.1            0.08           0.28           0.22           0.21           0.31           0.19           0.21           0.94           0.77           0.76           0.7            
vgg13          0.46           0.09           0.06           0.05           0.24           0.13           0.17           0.14           0.23           0.15           0.16           0.05           0.05           0.2            0.16           0.14           0.29           0.15           0.17           0.77           0.93           0.77           0.74           
vgg16          0.53           0.13           0.09           0.08           0.26           0.2            0.21           0.17           0.24           0.2            0.19           0.09           0.09           0.28           0.19           0.21           0.32           0.17           0.22           0.8            0.81           0.94           0.79           
vgg19          0.53           0.16           0.1            0.11           0.27           0.2            0.23           0.19           0.27           0.2            0.22           0.09           0.08           0.31           0.23           0.25           0.33           0.19           0.24           0.77           0.8            0.81           0.94           
