Models         resnet18       resnet50       resnet101      resnet152      densenet121    densenet161    densenet169    densenet201    efficientnet_b0efficientnet_b1efficientnet_b2efficientnet_b3efficientnet_b4efficientnet_b5efficientnet_b6efficientnet_b7mobilenet_v2   mobilenet_v3_smallmobilenet_v3_largevgg11          vgg13          vgg16          vgg19          
resnet18       0.81           0.14           0.1            0.08           0.33           0.24           0.27           0.24           0.29           0.16           0.24           0.1            0.1            0.34           0.26           0.3            0.33           0.21           0.25           0.73           0.66           0.68           0.62           
resnet50       0.67           0.58           0.31           0.29           0.5            0.43           0.44           0.41           0.42           0.35           0.38           0.23           0.2            0.5            0.39           0.44           0.47           0.36           0.4            0.74           0.69           0.68           0.65           
resnet101      0.7            0.46           0.6            0.39           0.55           0.5            0.5            0.49           0.47           0.4            0.46           0.31           0.29           0.54           0.47           0.51           0.5            0.39           0.45           0.76           0.71           0.7            0.69           
resnet152      0.71           0.46           0.43           0.59           0.55           0.5            0.51           0.49           0.49           0.42           0.47           0.32           0.33           0.54           0.46           0.5            0.49           0.41           0.44           0.77           0.7            0.71           0.69           
densenet121    0.71           0.25           0.2            0.19           0.81           0.41           0.45           0.41           0.41           0.27           0.37           0.19           0.17           0.48           0.38           0.43           0.44           0.33           0.32           0.78           0.71           0.73           0.67           
densenet161    0.71           0.33           0.28           0.26           0.54           0.8            0.51           0.48           0.46           0.34           0.38           0.21           0.19           0.49           0.37           0.43           0.43           0.32           0.37           0.77           0.7            0.73           0.67           
densenet169    0.74           0.35           0.28           0.25           0.58           0.52           0.78           0.47           0.45           0.33           0.44           0.26           0.24           0.51           0.41           0.46           0.47           0.36           0.38           0.79           0.72           0.73           0.71           
densenet201    0.75           0.33           0.29           0.27           0.6            0.53           0.53           0.79           0.46           0.35           0.42           0.24           0.23           0.52           0.41           0.46           0.46           0.38           0.41           0.78           0.71           0.73           0.69           
efficientnet_b00.72           0.28           0.21           0.18           0.5            0.4            0.41           0.38           0.8            0.43           0.57           0.31           0.27           0.56           0.46           0.49           0.58           0.46           0.51           0.79           0.74           0.74           0.72           
efficientnet_b10.7            0.33           0.27           0.24           0.49           0.41           0.42           0.41           0.51           0.75           0.49           0.35           0.29           0.52           0.43           0.48           0.58           0.41           0.52           0.77           0.71           0.7            0.68           
efficientnet_b20.73           0.35           0.29           0.26           0.53           0.44           0.47           0.44           0.65           0.49           0.81           0.37           0.35           0.6            0.5            0.54           0.56           0.45           0.5            0.79           0.75           0.76           0.72           
efficientnet_b30.71           0.36           0.31           0.3            0.52           0.46           0.46           0.44           0.54           0.5            0.52           0.71           0.41           0.56           0.49           0.54           0.54           0.46           0.48           0.77           0.73           0.7            0.69           
efficientnet_b40.71           0.4            0.36           0.33           0.54           0.49           0.48           0.47           0.55           0.52           0.52           0.45           0.7            0.57           0.52           0.56           0.54           0.47           0.49           0.77           0.72           0.71           0.69           
efficientnet_b50.72           0.28           0.25           0.22           0.5            0.39           0.43           0.4            0.55           0.39           0.51           0.31           0.29           0.83           0.6            0.66           0.49           0.45           0.39           0.78           0.72           0.73           0.73           
efficientnet_b60.72           0.29           0.26           0.25           0.51           0.41           0.45           0.42           0.54           0.37           0.52           0.32           0.31           0.66           0.8            0.66           0.48           0.42           0.39           0.78           0.72           0.73           0.72           
efficientnet_b70.7            0.3            0.27           0.25           0.49           0.43           0.44           0.43           0.54           0.39           0.53           0.3            0.28           0.66           0.6            0.82           0.47           0.39           0.39           0.76           0.72           0.73           0.71           
mobilenet_v2   0.66           0.22           0.16           0.16           0.39           0.3            0.31           0.28           0.41           0.29           0.37           0.18           0.17           0.45           0.34           0.41           0.71           0.36           0.37           0.76           0.69           0.68           0.67           
mobilenet_v3_small0.63           0.2            0.16           0.15           0.38           0.29           0.31           0.27           0.45           0.28           0.38           0.2            0.18           0.45           0.35           0.41           0.46           0.73           0.37           0.74           0.68           0.66           0.64           
mobilenet_v3_large0.69           0.28           0.22           0.21           0.47           0.37           0.39           0.37           0.47           0.43           0.44           0.27           0.23           0.52           0.41           0.46           0.56           0.43           0.75           0.76           0.7            0.71           0.67           
vgg11          0.57           0.13           0.09           0.07           0.29           0.19           0.22           0.2            0.29           0.19           0.24           0.1            0.1            0.33           0.25           0.26           0.37           0.22           0.24           0.88           0.76           0.76           0.71           
vgg13          0.51           0.13           0.08           0.06           0.27           0.15           0.19           0.17           0.27           0.16           0.19           0.07           0.07           0.26           0.17           0.21           0.34           0.16           0.21           0.76           0.87           0.75           0.72           
vgg16          0.57           0.16           0.11           0.09           0.3            0.2            0.24           0.21           0.28           0.2            0.24           0.12           0.11           0.32           0.23           0.27           0.37           0.22           0.26           0.78           0.78           0.88           0.77           
vgg19          0.56           0.18           0.14           0.13           0.31           0.23           0.24           0.24           0.31           0.22           0.25           0.09           0.11           0.37           0.25           0.29           0.39           0.24           0.27           0.78           0.78           0.79           0.88           
